contrato,estatus,mes,modalidad,origen_de_recursos,tipo_infraestructura,descripcion_obra,ubicacion,zona,presupuesto,ejercido_url,contratista,contratista_rfc
DOP-REH-MUN-MER-AD-035-16,En proceso de Firmas,Diciembre,ASIGNACION DIRECTA,MUNICIPAL,Mercados,"REHABILITACIÓN DE INSTALACIÓN ELÉCTRICA PARA EL MERCADO ""JAVIER MINA"", EN LA COL. SAN JUAN DE DIOS DE LA ZONA 1 CENTRO, DEL MUNICIPIO DE GUADALAJARA, JALISCO.",.,Zona 1: Centro,2435243.65,obraDetalle.php?id_obra=16REHZ01035,"Servicios de Ingenieria y Proyectos Eléctricos de Occidente, S.A. de C.V.",SIP130520FW3
DOP-CON-EST-PAV-AD-121-16,En proceso de Firmas,Diciembre,ASIGNACION DIRECTA,ESTATAL,Pavimentos,"PAVIMENTACIÓN CON CONCRETO HIDRÁULICO Y OBRAS INDUCIDAS DE LA CALLE VENTURA ANAYA, ZONA OBLATOS, ETAPA 1, MUNICIPIO DE GUADALAJARA, JALISCO.",.,Zona 4: Oblatos,1421750.84,obraDetalle.php?id_obra=16PAVZ03121,"Nucleo Constructor Forte, S. de RL. de C.V.",NCF080704NQ3
DOP-CON-FED-PRE-LP-156-16,En proceso de Firmas,Diciembre,LICITACION PUBLICA,FEDERAL,Parques,"CONSTRUCCIÓN PARQUE LINEAL AV. PATRIA, FRENTE 1, MUNICIPIO DE GUADALAJARA, JALISCO.",.,Zona 7: Cruz del Sur,9627420.58,obraDetalle.php?id_obra=16CONZ06156,Mega Geotecnia S.A. de C.V.,MGE070227V61
DOP-CON-FED-PRE-LP-157-16,En proceso de Firmas,Diciembre,LICITACION PUBLICA,FEDERAL,Parques,"CONSTRUCCIÓN PARQUE LINEAL AV. PATRIA, FRENTE 2, MUNICIPIO DE GUADALAJARA, JALISCO.",.,Zona 7: Cruz del Sur,6196579.41,obraDetalle.php?id_obra=16CONZ06157,Megaobras S.A. de C.V.,MEG030224QK1
DOP-REH-FED-FFI-LP-158-16,En proceso de Firmas,Diciembre,LICITACION PUBLICA,FEDERAL,Pavimentos,"REPAVIMENTACIÓN DE CALLES EN LA COLONIA TETLÁN RÍO VERDE DEL MUNICIPIO DE GUADALAJARA, JALISCO.",.,Zona 6: Tetlán,13497411.31,obraDetalle.php?id_obra=16REHZ06158,"Servicios Constructivos e Ingenieria, S.A. de C.V.",SCI0003011Z5
DOP-REH-FED-FFI-LP-159-16,En proceso de Firmas,Diciembre,LICITACION PUBLICA,FEDERAL,Centros de Desarrollo Comunitario,"REHABILITACIÓN Y AMPLIACIÓN DEL CENTRO DE DESARROLLO COMUNITARIO NO. 25 EN LA COLONIA JARDINES DEL SAUZ, MUNICIPIO DE GUADALAJARA, JALISCO.",.,Zona 7: Cruz del Sur,7000000.0,obraDetalle.php?id_obra=16REHZ07159,"Lacariere Edificaciones, S.A. de C.V.",LED091006JG1
DOP-REH-FED-FFI-LP-160-16,En proceso de Firmas,Diciembre,LICITACION PUBLICA,FEDERAL,Unidad Deportiva,"REHABILITACIÓN DE LA UNIDAD DEPORTIVA PLAN DE SAN LUIS, MUNICIPIO DE GUADALAJARA, JALISCO.",.,Zona 1: Centro,8550000.0,obraDetalle.php?id_obra=16REHZ02160,Imex Construcciones S.A. de C.V.,ICO040304FY5
DOP-CON-EST-CZM-LP-161-16,En proceso de Firmas,Diciembre,LICITACION PUBLICA,ESTATAL,Obras Varias Construcción,"CORREDOR LOPEZ COTILLA (CHAPULTEPEC A MARCOS CASTELLANOS), FRENTE 1, MUNICIPIO DE GUADALAJARA, JALISCO.",.,Zona 1: Centro,8292336.94,obraDetalle.php?id_obra=16CONZ01161,Grupo Elizaar Elizaar S.A. de C.V.,GEE0012153I0
DOP-CON-EST-CZM-LP-162-16,En proceso de Firmas,Diciembre,LICITACION PUBLICA,ESTATAL,Obras Varias Construcción,"CORREDOR LOPEZ COTILLA (CHAPULTEPEC A MARCOS CASTELLANOS), FRENTE 2, MUNICIPIO DE GUADALAJARA, JALISCO.",.,Zona 1: Centro,5102483.69,obraDetalle.php?id_obra=16CONZ01162,Arq. Jorge Armando Torres Zermeño,TOZJ5907209A4
DOP-REH-MUN-PRO-LP-163-16,En proceso de Firmas,Diciembre,LICITACION PUBLICA,MUNICIPAL,Pavimentos,"REPAVIMENTACIÓN EN COLONIA CENTRO, FRENTE 1, MUNICIPIO DE GUADALAJARA, JALISCO.",.,Zona 1: Centro,4221475.12,obraDetalle.php?id_obra=16REHZ01163,Urbanismo de Calidad S.A. de C.V.,UCA020422540
DOP-REH-MUN-PRO-LP-164-16,En proceso de Firmas,Diciembre,LICITACION PUBLICA,MUNICIPAL,Pavimentos,"REPAVIMENTACIÓN EN COLONIA CENTRO, FRENTE 2, MUNICIPIO DE GUADALAJARA, JALISCO.",.,Zona 1: Centro,4796554.74,obraDetalle.php?id_obra=16REHZ01164,"SJ Lagos Constructora e Inmobiliaria, S.A. de C.V.",SLC090211283
DOP-REH-MUN-PRO-LP-165-16,En proceso de Firmas,Diciembre,LICITACION PUBLICA,MUNICIPAL,Pavimentos,"REPAVIMENTACIÓN EN COLONIA DIVISIÓN DEL NORTE, FRENTE 1, MUNICIPIO DE GUADALAJARA, JALISCO.",.,Zona 3: Huentitán,7288144.5,obraDetalle.php?id_obra=16REHZ04165,KMS Construcciones S.A. de C.V.,KCO081109A67
DOP-REH-MUN-PRO-LP-166-16,En proceso de Firmas,Diciembre,LICITACION PUBLICA,MUNICIPAL,Pavimentos,"REPAVIMENTACIÓN EN COLONIA DIVISIÓN DEL NORTE, FRENTE 2, MUNICIPIO DE GUADALAJARA, JALISCO.",.,Zona 3: Huentitán,7561339.94,obraDetalle.php?id_obra=16REHZ04166,Tecorsa S.A. de C.V.,TEC0806209D9
DOP-REH-EST-FOC-LP-167-16,En proceso de Firmas,Diciembre,LICITACION PUBLICA,ESTATAL,Unidad Deportiva,"REHABILITACIÓN Y EQUIPAMIENTO DEL PARQUE SAN RAFAEL SEGUNDA ETAPA, FRENTE 2, MUNICIPIO DE GUADALAJARA, JALISCO.",.,Zona 6: Tetlán,8201003.84,obraDetalle.php?id_obra=16REHZ05167,Carsa Grupo Constructor Inmobiliario S.A. de C.V.,CGC9305171D4
DOP-CON-FED-PDR-CI-168-16,En proceso de Firmas,Diciembre,"CONCURSO INVITACION                    



Invitaciones",FEDERAL,Pavimentos,"PAVIMENTACIÓN CON CONCRETO HIDRÁULICO, GUARNICIONES, BANQUETAS, RED DE AGUA POTABLE Y ALCANTARILLADO, ALUMBRADO PÚBLICO Y ARBOLADO, DE LA CALLE MALECÓN EN LA ZONA ORIENTE DE LA CIUDAD, MUNICIPIO DE GUADALAJARA, JALISCO.",.,Zona 6: Tetlán,3796335.79,obraDetalle.php?id_obra=16CONZ06168,Constructora Ceico S.A. de C.V.,CCE030124TIA
DOP-REH-FED-FOR-CI-169-16,En proceso de Firmas,Diciembre,"CONCURSO INVITACION                    



Invitaciones",FEDERAL,Unidad Deportiva,"REHABILITACIÓN Y EQUIPAMIENTO DE LA UNIDAD DEPORTIVA No. 48 PROFESOR MANUEL URIARTE TOVAR FRENTE 1, EN EL MUNICIPIO DE GUADALAJARA, JALISCO.",.,Zona 1: Centro,5496240.61,obraDetalle.php?id_obra=16REHZ04169,Lugo Ibarra Consorcio Constructor S.A. de C.V.,LIC0208141P8
DOP-CON-EST-PAV-CI-170-16,En proceso de Firmas,Diciembre,"CONCURSO INVITACION                    



Invitaciones",ESTATAL,Pavimentos,"PAVIMENTACIÓN CON CONCRETO HIDRÁULICO Y OBRAS INDUCIDAS DE LA CALLE ANGEL MARTINEZ ENTRE CALLE SOTO Y GAMA A CALLE MIGUEL URREA ZONA HUENTITAN, ETAPA 1, MUNICIPIO DE GUADALAJARA, JALISCO.",.,Zona 3: Huentitán,2951888.04,obraDetalle.php?id_obra=16CONZ03170,Grupo Constructor Perseverancia S.A. de C.V.,GCP01042784A
DOP-CON-EST-PAV-CI-171-16,En proceso de Firmas,Diciembre,"CONCURSO INVITACION                    



Invitaciones",ESTATAL,Pavimentos,"PAVIMENTACIÓN CON CONCRETO HIDRÁULICO Y OBRAS INDUCIDAS DE LA CALLE LUIS COVARRUBIAS ENTRE CALLE MARCELINO MANGAS A CALLE MARIA C. BANCALARI, ZONA MIRAVALLE, ETAPA 1, MUNICIPIO DE GUADALAJARA, JALISCO.",.,Zona 7: Cruz del Sur,3494743.34,obraDetalle.php?id_obra=16CONZ07171,Tecnoindustria y Tecnoglobal S.A. de C.V.,TTE150306IT2
DOP-REH-FED-FOR-CI-172-16,En proceso de Firmas,Diciembre,"CONCURSO INVITACION                    



Invitaciones",FEDERAL,Unidad Deportiva,"REHABILITACIÓN Y EQUIPAMIENTO DE LA UNIDAD DEPORTIVA No. 48 PROFESOR MANUEL URIARTE TOVAR FRENTE 2, EN EL MUNICIPIO DE GUADALAJARA, JALISCO.",.,Zona 1: Centro,4105010.16,obraDetalle.php?id_obra=16REHZ04172,Grupo Constructor Strade S.A. de C.V.,GCS080902S44
DOP-CON-EST-PAV-CI-173-16,En proceso de Firmas,Diciembre,"CONCURSO INVITACION                    



Invitaciones",ESTATAL,Pavimentos,"PAVIMENTACIÓN CON CONCRETO HIDRÁULICO Y OBRAS INDUCIDAS DE LA CALLE ANGEL MARTINEZ ENTRE CALLE MIGUEL URREA A CALLE EUTIMIO PINZON, ZONA HUENTITAN, ETAPA 1, MUNICIPIO DE GUADALAJARA, JALISCO.",.,Zona 3: Huentitán,2941674.67,obraDetalle.php?id_obra=16CONZ03173,Ing. Saul Mireles Navarro,MINS590404CM5
DOP-CON-EST-PAV-CI-174-16,En proceso de Firmas,Diciembre,"CONCURSO INVITACION                    



Invitaciones",ESTATAL,Pavimentos,"PAVIMENTACIÓN CON CONCRETO HIDRÁULICO Y OBRAS INDUCIDAS DE LA CALLE LUIS COVARRUBIAS ENTRE CALLE MARIA C. BACALARI  A CALLE 5 DE FEBRERO, ZONA MIRAVALLE, ETAPA 1, MUNICIPIO DE GUADALAJARA, JALISCO.",.,Zona 7: Cruz del Sur,5047652.1,obraDetalle.php?id_obra=16CONZ07174,Petrolast S.A. de C.V.,PET150306NL3
DOP-CON-EST-CZM-CI-179-16,En proceso de Firmas,Diciembre,"CONCURSO INVITACION                    



Invitaciones",ESTATAL,Parques,"2DA. ETAPA, RENOVACIÓN INTEGRAL DEL PARQUE REVOLUCIÓN Y SUS CALLES ALEDAÑAS, FRENTE 4 MUNICIPIO DE GUADALAJARA, JALISCO.",.,Zona 1: Centro,1764862.79,obraDetalle.php?id_obra=16CONZ01179,"Grupo V Y CG, S.A. de C.V.",GVC1101316W5
DOP-CON-EST-PAV-CI-181-16,En proceso de Firmas,Diciembre,"CONCURSO INVITACION                    



Invitaciones",ESTATAL,Pavimentos,"PAVIMENTACIÓN CON CONCRETO HIDRÁULICO Y OBRAS INDUCIDAS DE LA CALLE LUIS COVARRUBIAS ENTRE CALLE 21 DE MARZO A CALLE ARTES PLASTICAS, ZONA MIRAVALLE, ETAPA 1, MUNICIPIO DE GUADALAJARA, JALISCO.",.,Zona 7: Cruz del Sur,4563209.76,obraDetalle.php?id_obra=16CONZ07181,I + A Ingenieria y Arquitectura Construcción y Proyectos S.de R.L. de C.V.,IIA160303MFA
DOP-CON-EST-CZM-CI-186-16,En proceso de Firmas,Diciembre,"CONCURSO INVITACION                    



Invitaciones",ESTATAL,Obras Varias Rehabilitación,"2° ETAPA RENOVACIÓN URBANA DEL BARRIO DE HUENTITAN EL BAJO, UBICADO EN AL ZONA 3 HUENTITAN, EN EL MUNICIPIO DE GUADALAJARA, JALISCO.",.,Zona 3: Huentitán,1996779.51,obraDetalle.php?id_obra=16CONZ03186,C. Jennifer Flores Chávez,FOCJ870210T39
DOP-REH-MUN-PRO-AD-190-16,En proceso de Firmas,Diciembre,ASIGNACION DIRECTA,MUNICIPAL,Obras Varias Rehabilitación,"CONSTRUCCIÓN DE OBRA COMPLEMENTARIA DE LA UNIDAD DE PROTECCIÓN ANIMAL (UPA), UBICADA EN RIO TIZAPAN Y CALZ. GONZÁLEZ GALLO, EN LA ZONA 5 OLÍMPICA, MUNICIPIO DE GUADALAJARA, JALISCO.",.,Zona 5: Olímpica,833241.7,obraDetalle.php?id_obra=16REHZ0590,Madison Constructores S.A. de C.V.,MCO1005204Z5
DOP-REH-FED-MER-CI-197-16,En proceso de Firmas,Diciembre,"CONCURSO INVITACION                    



Invitaciones",FEDERAL,Mercados,"REHABILITACIÓN Y AMPLIACIÓN DEL MERCADO (LOS ELOTES), MUNICIPIO DE GUADALAJARA, JALISCO.",.,Zona 1: Centro,6229302.0,obraDetalle.php?id_obra=16REHZ01197,Construcciones Hidraulicas Guadalajara S.A. de C.V.,CHG040708HA6
DOP-REH-FED-HAB-AD-198-16,En proceso de Firmas,Diciembre,ASIGNACION DIRECTA,TRIPARTITA,Centros de Desarrollo Comunitario,"REHABILITACIÓN DEL CENTRO DE DESARROLLO COMUNITARIO ""DIF NO. 17"", MUNICIPIO DE GUADALAJARA, JALISCO.",.,Zona 7: Cruz del Sur,1457265.16,obraDetalle.php?id_obra=16REHZ01198,Ceele Construcciones S.A. de C.V.,CCO020123366
DOP-REH-FED-HAB-CI-199-16,En proceso de Firmas,Diciembre,"CONCURSO INVITACION                    



Invitaciones",TRIPARTITA,Pavimentos,"PAVIMENTACION CON CONCRETO HIDRÁULICO EN LA CALLE 10, PARTE 1, MUNICIPIO DE GUADALAJARA, JALISCO.",.,Zona 7: Cruz del Sur,6527823.6,obraDetalle.php?id_obra=16REHZ07199,Gama Constructores y Asociados S.A. de C.V.,GCA010529EU7
DOP-REH-FED-HAB-CI-200-16,En proceso de Firmas,Diciembre,"CONCURSO INVITACION                    



Invitaciones",TRIPARTITA,Pavimentos,"PAVIMENTACION CON CONCRETO HIDRÁULICO EN LA CALLE 10, PARTE 2, MUNICIPIO DE GUADALAJARA, JALISCO.",.,Zona 7: Cruz del Sur,6550123.65,obraDetalle.php?id_obra=16REHZ07200,"Constructora Megadriel, S.A. de C.V.",CME08100345A
DOP-REH-FED-ESP-CI-201-16,En proceso de Firmas,Diciembre,"CONCURSO INVITACION                    



Invitaciones",ESTATAL,Parques,"REHABILITACIÓN DEL PARQUE JOSE ORTIZ VIDALEZ EN LA COLONIA VILLAS DE LA BARRANCA, MUNICIPIO DE GUADALAJARA, JALISCO.",.,Zona 3: Huentitán,2384103.95,obraDetalle.php?id_obra=16REHZ03201,"Valika Constructora, S.A. de C.V.",VCO9412201J0
DOP-REH-FED-ESP-CI-202-16,En proceso de Firmas,Diciembre,"CONCURSO INVITACION                    



Invitaciones",ESTATAL,Parques,"REHABILITACIÓN DEL PARQUE MANUEL R. ALATORRE EN LA COLONIA VISTAS DEL NILO, MUNICIPIO DE GUADALAJARA, JALISCO.",.,Zona 6: Tetlán,2390429.95,obraDetalle.php?id_obra=16REHZ0202,Grupo Constructor Hisaca S.A. de C.V.,GCH070702SH8
DOP-REH-FED-MER-LP-203-16,En proceso de Firmas,Diciembre,LICITACION PUBLICA,FEDERAL,Mercados,"REHABILITACIÓN DEL MERCADO MUNICIPAL IGNACIO ALDAMA, MUNICIPIO DE GUADALAJARA, JALISCO.",.,Zona 5: Olímpica,16171528.8,obraDetalle.php?id_obra=16REHZ07203,"Tecnologos e Ingenieros Civiles, S.A. de C.V.",TIC961106DX9
DOP-REH-FED-MER-LP-204-16,En proceso de Firmas,Diciembre,LICITACION PUBLICA,FEDERAL,Mercados,"REHABILITACIÓN DE MERCADO MUNICIPAL JAVIER MINA EN GUADALAJARA, JALISCO.",.,Zona 5: Olímpica,9573754.68,obraDetalle.php?id_obra=16REHZ05204,Construcciones y Edificaciones Bato S.A. de C.V.,CEB961031DJ1
DOP-REH-FED-MER-LP-205-16,En proceso de Firmas,Diciembre,LICITACION PUBLICA,FEDERAL,Mercados,"REHABILITACIÓN DEL MERCADO MUNICIPAL SAN JACINTO EN GUADALAJARA, JALISCO.",.,Zona 6: Tetlán,8380562.01,obraDetalle.php?id_obra=16REHZ05205,"Tecnologos e Ingenieros Civiles, S.A. de C.V.",TIC961106DX9
DOP-REH-FED-MER-LP-206-16,En proceso de Firmas,Diciembre,LICITACION PUBLICA,FEDERAL,Mercados,"REHABILITACIÓN DEL MERCADO BELISARIO DOMINGUEZ EN GUADALAJARA, JALISCO.",.,Zona 3: Huentitán,8619972.57,obraDetalle.php?id_obra=16REHZ05206,"Quantum Constructores y Proyectos, S.A. de C.V.",QCP1307172S6
DOP-REH-FED-PRE-LP-207-16,En proceso de Firmas,Diciembre,LICITACION PUBLICA,FEDERAL,Mercados,"REHABILITACIÓN DEL MERCADO MUNICIPAL, PONCIANO ARRIAGA EN GUADALAJARA, JALISCO.",.,Zona 5: Olímpica,8845583.91,obraDetalle.php?id_obra=16REHZZ01207,Edificaciones y Espacios Letco S.A. de C.V.,EEL0204268V2
DOP-REH-FED-FFI-LP-208-16,En proceso de Firmas,Diciembre,LICITACION PUBLICA,FEDERAL,Centros de Desarrollo Comunitario,"REHABILITACIÓN Y AMPLIACIÓN DEL CENTRO DE DESARROLLO COMUNITARIO No. 07 EN LA COLONIA MEDRANO, MUNICIPIO DE GUADALAJARA, JALISCO.",.,Zona 5: Olímpica,6507733.55,obraDetalle.php?id_obra=16REHZ05208,Neoingenieria S.A. de C.V.,NEO080722M53
DOP-REH-FED-FFI-LP-213-16,En proceso de Firmas,Diciembre,LICITACION PUBLICA,FEDERAL,Centros de Desarrollo Comunitario,"REHABILITACIÓN Y AMPLIACIÓN DEL CENTRO DE DESARROLLO COMUNITARIO NO. 19 EN LA COLONIA EL FRESNO, MUNICIPIO DE GUADALAJARA, JALISCO.",.,Zona 7: Cruz del Sur,8000000.0,obraDetalle.php?id_obra=16REHZ02213,Constructora Galafer S.A. de C.V.,CGA091202HS2
DOP-REH-FED-FFI-LP-214-16,En proceso de Firmas,Diciembre,LICITACION PUBLICA,FEDERAL,Centros de Desarrollo Comunitario,"REHABILITACIÓN Y AMPLIACIÓN DEL CENTRO DE DESARROLLO COMUNITARIO NO. 13 EN LA COLONIA TETLÁN, MUNICIPIO DE GUADALAJARA, JALISCO.",.,Zona 6: Tetlán,8115690.0,obraDetalle.php?id_obra=16REHZ06214,J.R. Leon Construcciones S.A. de C.V.,JLC070402TB5
DOP-REH-FED-FFI-LP-215-16,En proceso de Firmas,Diciembre,LICITACION PUBLICA,FEDERAL,Pavimentos,"REPAVIMENTACIÓN DE LAS CALLES PRINCIPALES DE LA ZONA CENTRO FRENTE 1, MUNICIPIO DE GUADALAJARA, JALISCO.",.,Zona 1: Centro,12193913.71,obraDetalle.php?id_obra=16REHZ01215,"Construcciones y Rentas de Maquinaria de Occidente, S.A. de C.V.",CRM910909K48
DOP-REH-FED-FFI-LP-216-16,En proceso de Firmas,Diciembre,LICITACION PUBLICA,FEDERAL,Pavimentos,"REPAVIMENTACIÓN DE LAS CALLES PRINCIPALES DE LA ZONA CENTRO FRENTE 2, MUNICIPIO DE GUADALAJARA, JALISCO.",.,Zona 1: Centro,11277681.13,obraDetalle.php?id_obra=16REHZ01216,KMS Construcciones S.A. de C.V.,KCO081109A67
DOP-REH-FED-FFI-LP-217-16,En proceso de Firmas,Diciembre,LICITACION PUBLICA,FEDERAL,Pavimentos,"REPAVIMENTACIÓN DE LAS CALLES SECUNDARIAS EN LA COLONIA SAN ANDRES, II SECCIÓN, FRENTE 1, MUNICIPIO DE GUADALAJARA, JALISCO.",.,Zona 6: Tetlán,14996226.39,obraDetalle.php?id_obra=16REHZ05217,"Construcciones Covimex, S.A. de C.V.",CCO0404226D8
DOP-REH-FED-FFI-LP-218-16,En proceso de Firmas,Diciembre,LICITACION PUBLICA,FEDERAL,Pavimentos,"REPAVIMENTACIÓN DE LAS CALLES SECUNDARIAS EN LA COLONIA SAN ANDRES, II SECCIÓN, FRENTE 2, MUNICIPIO DE GUADALAJARA, JALISCO.",.,Zona 6: Tetlán,14746268.47,obraDetalle.php?id_obra=16REHZ05218,Estudios Proyectos y Construcciones de Guadalajara S.A. de C.V.,EPC7107236R1
DOP-REH-FED-FFI-LP-219-16,En proceso de Firmas,Diciembre,LICITACION PUBLICA,FEDERAL,Pavimentos,"REPAVIMENTACIÓN DE LAS CALLES PRIMARIAS EN LA ZONA PONIENTE FRENTE 1, MUNICIPIO DE GUADALAJARA, JALISCO.",.,Zona 2: Minerva,14841864.96,obraDetalle.php?id_obra=16REHZ02219,Grupo Constructor Strade S.A. de C.V.,GCS080902S44
DOP-REH-FED-FFI-LP-220-16,En proceso de Firmas,Diciembre,LICITACION PUBLICA,FEDERAL,Pavimentos,"REPAVIMENTACIÓN DE LAS CALLES PRIMARIAS EN LA ZONA PONIENTE FRENTE 2, MUNICIPIO DE GUADALAJARA, JALISCO.",.,Zona 2: Minerva,14647245.0,obraDetalle.php?id_obra=16REHZ02220,Carsa Grupo Constructor Inmobiliario S.A. de C.V.,CGC9305171D4
DOP-REH-FED-FFI-LP-221-16,En proceso de Firmas,Diciembre,LICITACION PUBLICA,FEDERAL,Pavimentos,"REPAVIMENTACIÓN DE LAS CALLES SECUNDARIAS EN LA COLONIA MIGUEL HIDALGO, MUNICIPIO DE GUADALAJARA, JALISCO.",.,Zona 6: Tetlán,14911842.51,obraDetalle.php?id_obra=16REHZ06221,"Construmaq, S.A. de C.V.",CON970514LY1
DOP-REH-FED-FFI-LP-222-16,En proceso de Firmas,Diciembre,LICITACION PUBLICA,FEDERAL,Pavimentos,"REPAVIMENTACIÓN DE LAS CALLES SECUNDARIAS EN LA COLONIA BLANCO Y CUELLAR II SECCIÓN DEL MUNICIPIO DE GUADALAJARA, JALISCO.",.,Zona 5: Olímpica,24194411.07,obraDetalle.php?id_obra=16REHZ05222,"López de Miguel Construcciones, S. de R.L. de C.V.",LMC151007GM5
DOP-REH-FED-FFI-LP-224-16,En proceso de Firmas,Diciembre,LICITACION PUBLICA,FEDERAL,Pavimentos,"REPAVIMENTACIÓN DE LAS CALLES SECUNDARIAS EN LA COLONIA ECHEVERRIA DEL MUNICIPIO DE GUADALAJARA, JALISCO.",.,Zona 7: Cruz del Sur,21275712.03,obraDetalle.php?id_obra=16REHZ07224,Grupo Taube de México S.A. de C.V.,GTM050418384
DOP-REH-FED-FFI-LP-225-16,En proceso de Firmas,Diciembre,LICITACION PUBLICA,FEDERAL,Pavimentos,"REPAVIMENTACIÓN DE LAS CALLES EN LA COLONIA INDUSTRIAL III SECCIÓN DEL MUNICIPIO DE GUADALAJARA, JALISCO.",.,Zona 7: Cruz del Sur,13692322.55,obraDetalle.php?id_obra=16REHZ07225,"Infraestructura, Pavimentos, Asfaltos y Construcciones S.A. de C.V.",IPA071009KQ2
DOP-REH-FED-FFI-LP-227-16,En proceso de Firmas,Diciembre,LICITACION PUBLICA,FEDERAL,Pavimentos,"REPAVIMENTACIÓN DE LAS CALLES EN LA COLONIA SAN ANDRES DEL MUNICIPIO DE GUADALAJARA, JALISCO.",.,Zona 5: Olímpica,22695889.73,obraDetalle.php?id_obra=16REHZ05227,KMS Construcciones S.A. de C.V.,KCO081109A67
DOP-REH-FED-FFI-LP-228-16,En proceso de Firmas,Diciembre,LICITACION PUBLICA,FEDERAL,Pavimentos,"REPAVIMENTACIÓN DE LAS CALLES EN LA COLONIA SAN MARTIN ANEXO DEL MUNICIPIO DE GUADALAJARA, JALISCO.",.,Zona 5: Olímpica,25347538.6,obraDetalle.php?id_obra=16rehz05228,Grupo Elizaar Elizaar S.A. de C.V.,GEE0012153I0
DOP-REH-FED-FFI-LP-229-16,En proceso de Firmas,Diciembre,LICITACION PUBLICA,FEDERAL,Pavimentos,"REPAVIMENTACIÓN DE LAS CALLES PRIMARIAS EN LA ZONA SUR DEL MUNCIPIO DE GUADALAJARA, JALISCO.",.,Zona 7: Cruz del Sur,19030636.76,obraDetalle.php?id_obra=16REHZ07229,Urbanizadora Vazquez Guerra S.A. de C.-V.,UVG841211G22
DOP-REH-FED-MER-CI-230-16,En proceso de Firmas,Diciembre,"CONCURSO INVITACION                    



Invitaciones",FEDERAL,Mercados,"REHABILITACIÓN Y AMPLIACIÓN DEL MERCADO FELIPE ÁNGELES, MUNICIPIO DE GUADALAJARA, JALISCO.",.,Zona 5: Olímpica,7529302.0,obraDetalle.php?id_obra=16REHZ06230,Duran Jimenez Arquitectos y Asociados S.A. de C.V.,DJA9405184G7
DOP-REH-FED-MER-CI-231-16,En proceso de Firmas,Diciembre,"CONCURSO INVITACION                    



Invitaciones",FEDERAL,Mercados,"'REHABILITACIÓN DEL MERCADO INDEPENDENCIA, MUNICIPIO DE GUADALAJARA, JALISCO.",.,Zona 1: Centro,4003197.3,obraDetalle.php?id_obra=16REHZ05231,"Anitsuj, S.A. de C.V.",ANI1102217W2
DOP-REH-FED-MER-CI-232-16,En proceso de Firmas,Diciembre,"CONCURSO INVITACION                    



Invitaciones",FEDERAL,Mercados,"REHABILITACIÓN DE MERCADO MUNICIPAL PEDRO VELEZ, MUNICIPIO DE GUADALAJARA, JALISCO.",.,Zona 1: Centro,4467045.25,obraDetalle.php?id_obra=16REHZ05232,Consorcio Constructor Adobes S.A. de C.V.,CCA971126QC9
DOP-REH-FED-MER-CI-233-16,En proceso de Firmas,Diciembre,"CONCURSO INVITACION                    



Invitaciones",FEDERAL,Mercados,"REHABILITACIÓN DEL MERCADO MUNICIPAL ÁLVARO OBREGÓN, MUNICIPIO DE GUADALAJARA, JALISCO.",.,Zona 4: Oblatos,3872465.36,obraDetalle.php?id_obra=16REHZ05233,Cuiba Constructora S.A. de C.V.,CCO0904288M8
DOP-CON-FED-PAV-CI-234-16,En proceso de Firmas,Diciembre,"CONCURSO INVITACION                    



Invitaciones",FEDERAL,Pavimentos,"PAVIMENTACIÓN DE CRUCEROS FRENTE 1, MUNICIPIO DE GUADALAJARA, JALISCO.",.,Zona 1: Centro,6943144.1,obraDetalle.php?id_obra=16REHZ01234,"Toscana Ingeniería, S.A. de C.V.",TIN04100824A
DOP-REH-FED-FFI-CI-235-16,En proceso de Firmas,Diciembre,"CONCURSO INVITACION                    



Invitaciones",FEDERAL,Centros de Desarrollo Comunitario,"REHABILITACIÓN DEL CENTRO DE BIENESTAR COMUNITARIO EN LA COLONIA RANCHO NUEVO, MUNICIPIO DE GUADALAJARA, JALISCO.",.,Zona 3: Huentitán,4815422.11,obraDetalle.php?id_obra=16REHZ03235,Constructora Monte S.A. de C.V.,CMO831020VC3
DOP-REH-FED-FFI-CI-236-16,En proceso de Firmas,Diciembre,"CONCURSO INVITACION                    



Invitaciones",FEDERAL,Pavimentos,"REPAVIMENTACIÓN DE LAS CALLES PRINCIPALES DE LA ZONA ORIENTE, MUNICIPIO DE GUADALAJARA, JALISCO.",.,Zona 5: Olímpica,5520308.33,obraDetalle.php?id_obra=16REHZ06236,"Constructora y Distribuidora Mazva, S.A. de C.V.",CDM090216NM7
DOP-CON-FED-PAV-CI-237-16,En proceso de Firmas,Diciembre,"CONCURSO INVITACION                    



Invitaciones",FEDERAL,Pavimentos,"PAVIMENTACIÓN DE CRUCEROS FRENTE 2, MUNICIPIO DE GUADALAJARA, JALISCO.",.,Zona 1: Centro,6238983.88,obraDetalle.php?id_obra=16REHZ02,"Asfaltos y Agregados Copalita, S. A. de C.V.",AAC081114952
DOP-REH-FED-FFI-LP-238-16,En proceso de Firmas,Diciembre,LICITACION PUBLICA,FEDERAL,Pavimentos,"REPAVIMENTACIÓN DE AVENIDA VALLARTA DEL MUNICIPIO DE GUADALAJARA, JALISCO.",.,Zona 2: Minerva,24023196.95,obraDetalle.php?id_obra=16REHZ02238,Acont S.A. de C.V.,ACO980205C89
DOP-SUP-MUN-PRO-AD-239-16,En proceso de Firmas,Diciembre,ASIGNACION DIRECTA,MUNICIPAL,Estudios y Proyectos ( Trabajo ),"DIAGNOSTICO, ANALISIS, VALORACIÓN Y SUPERVISION ESPECIALIZADA CON DERECHO DE AUTORIA DE LA REHABILITACIÓN DE LAS INSTALACIONES Y OBRA CIVIL PARA EL REMOZAMIENTO DEL MERCADO ""SAN JUAN DE DIOS"", EN EL MUNICIPIO DE GUADALAJARA, JALISCO.",.,Zona 1: Centro,580000.0,obraDetalle.php?id_obra=16SUPZ01239,Estudio A Tres S.C.,ETR020124AD1
DOP-RES-MUN-PRO-AD-240-16,En proceso de Firmas,Diciembre,ASIGNACION DIRECTA,MUNICIPAL,Obras Varias Rehabilitación,"TRABAJOS DE CONSERVACIÓN Y RESTAURACIÓN DE LA ESCULTURA ""LA MINERVA"" UBICADA EN LA ZONA 2 (MINERVA), DEL MUNICIPIO DE GUADALAJARA, JALISCO.",.,Zona 2: Minerva,3800000.0,obraDetalle.php?id_obra=16RESZ02240,C. Karla Alicia Jauregui Arreola,JAAK82012393A
DOP-CON-EST-CZM-AD-241-16,En proceso de Firmas,Diciembre,ASIGNACION DIRECTA,ESTATAL,Obras Varias Equipamiento,"CONSTRUCCIÓN DE ''PUNTOS LIMPIOS'' PLATAFORMAS SOTERRADAS EN DIVERSAS UBICACIONES, MUNICIPIO DE GUADALAJARA, JALISCO",.,Zona 1: Centro,5289600.0,obraDetalle.php?id_obra=16CONZ01241,"Plastic Omnium Sistemas Urbanos, S.A. de C.V.",POS010724I83
DOP-REH-EST-CZM-AD-242-16,En proceso de Firmas,Diciembre,ASIGNACION DIRECTA,ESTATAL,Museos,"TRABAJOS PRELIMINARES DE LA REHABILITACIÓN DEL MUSEO DEL NIÑO, EN LA UNIDAD ADMINISTRATIVA REFORMA DE LA ZONA 1 CENTRO, MUNICIPIO DE GUADALAJARA, JALISCO",.,Zona 1: Centro,1450500.0,obraDetalle.php?id_obra=16REHZ01242,"Quantum Constructores y Proyectos, S.A. de C.V.",QCP1307172S6
DOP-REH-EST-CZM-AD-243-16,En proceso de Firmas,Diciembre,ASIGNACION DIRECTA,ESTATAL,Mercados,"TRABAJOS DE REPARACIÓN DE CUBIERTA DE CONCRETO, PROTECCIONES, DEMOLICIÓN DE LOCALES INTERNOS Y PINTURA PARA LA REHABILITACIÓN DEL MERCADO MUNICIPAL DE LA UNIDAD JOSE CLEMENTE OROZCO, EN LA ZONA 7 CRUZ DEL SUR, MUNICIPIO DE GUADALAJARA, JALISCO.",.,Zona 7: Cruz del Sur,1399977.74,obraDetalle.php?id_obra=16REHZ07243,"Ingenieros de la Torre, S.A. de C.V.",ITO951005HY5
DOP-REH-FED-PRE-CI-244-16,En proceso de Firmas,Diciembre,"CONCURSO INVITACION                    



Invitaciones",FEDERAL,Centros de Desarrollo Infantil,"REHABILITACIÓN DE ESTANCIA INFANTIL RANCHO NUEVO, MUNICIPIO DE GUADALAJARA, JALISCO.",.,Zona 3: Huentitán,2166324.48,obraDetalle.php?id_obra=16REHZ03244,Constructur S.A. de C.V.,CON0008033N9
DOP-REH-FED-PRE-CI-245-16,En proceso de Firmas,Diciembre,"CONCURSO INVITACION                    



Invitaciones",FEDERAL,Centros de Desarrollo Infantil,"REHABILITACIÓN DE ESTANCIA INFANTIL BENITO JUÁREZ, MUNICIPIO DE GUADALAJARA, JALISCO.",.,Zona 1: Centro,3684924.96,obraDetalle.php?id_obra=16REHZ03245,"Nicco, S.A. de C.V.",NIC8411126L0
DOP-REH-FED-PRE-CI-246-16,En proceso de Firmas,Diciembre,"CONCURSO INVITACION                    



Invitaciones",FEDERAL,Centros de Desarrollo Infantil,"REHABILITACIÓN DE ESTANCIA INFANTIL EL FERROCARRIL, MUNICIPIO DE GUADALAJARA, JALISCO.",.,Zona 7: Cruz del Sur,3389051.86,obraDetalle.php?id_obra=16REHZ07246,Proyectistas y Calculistas Asociados S.A. de C.V.,PCA900924D15
DOP-REH-FED-PRE-CI-247-16,En proceso de Firmas,Diciembre,"CONCURSO INVITACION                    



Invitaciones",FEDERAL,Centros de Desarrollo Infantil,"REHABILITACIÓN DEL CENTRO DE DESARROLLO INFANTIL NO. 02 EN LA COLONIA VICENTE GUERRERO, MUNICIPIO DE GUADALAJARA, JALISCO.",.,Zona 4: Oblatos,2150528.06,obraDetalle.php?id_obra=16REHZ04247,"Constructora 5392, S.A. de C.V",CCM130208MW2
DOP-REH-FED-PRE-CI-248-16,En proceso de Firmas,Diciembre,"CONCURSO INVITACION                    



Invitaciones",FEDERAL,Centros de Desarrollo Infantil,"REHABILITACIÓN DE ESTANCIA INFANTIL MIRAVALLE, MUNICIPIO DE GUADALAJARA, JALISCO.",.,Zona 7: Cruz del Sur,2914923.71,obraDetalle.php?id_obra=16REHZ07248,"Constructora Grina, S.A. de C.V.",CGR120828P29
DOP-REH-FED-PRE-CI-249-16,En proceso de Firmas,Diciembre,"CONCURSO INVITACION                    



Invitaciones",FEDERAL,Centros de Desarrollo Infantil,"REHABILITACIÓN DE ESTANCIA INFANTIL SANTA CECILIA, MUNICIPIO DE GUADALAJARA, JALISCO.",.,Zona 4: Oblatos,2904003.91,obraDetalle.php?id_obra=16REHZ04249,Constructora Vico S.A. de C.V.,CVI980213UM6
DOP-REH-FED-FFI-CI-250-16,En proceso de Firmas,Diciembre,"CONCURSO INVITACION                    



Invitaciones",FEDERAL,Centros de Desarrollo Comunitario,"REHABILITACIÓN Y AMPLIACIÓN DEL CENTRO DE DESARROLLO COMUNITARIO NO. 27  EN LA COLONIA LOS COLORINES, MUNICIPIO DE GUADALAJARA, JALISCO.",.,Zona 7: Cruz del Sur,3276429.25,obraDetalle.php?id_obra=16REHZ07250,Former Grupo Constructor S.A. de C.V.,FGC070201HGA
DOP-REH-FED-FFI-CI-251-16,En proceso de Firmas,Diciembre,"CONCURSO INVITACION                    



Invitaciones",FEDERAL,Centros de Desarrollo Infantil,"REHABILITACIÓN DE ESTANCIA INFANTIL RIO VERDE, MUNICIPIO DE GUADALAJARA, JALISCO.",.,Zona 4: Oblatos,3432923.89,obraDetalle.php?id_obra=16REHZ04251,Constructora Apantli S.A. de C.V.,CAP9906078U0
DOP-REH-FED-FFI-CI-252-16,En proceso de Firmas,Diciembre,"CONCURSO INVITACION                    



Invitaciones",FEDERAL,Centros de Desarrollo Comunitario,"REHABILITACIÓN DEL CENTRO DE BIENESTAR COMUNITARIO EN LA COLONIA TETLÁN, MUNICIPIO DE GUADALAJARA, JALISCO.",.,Zona 6: Tetlán,6315530.69,obraDetalle.php?id_obra=16REHZ06252,Urbanizaciones y Edificaciones Loro S.A. de C.V.,UEL0304241V6
DOP-REH-FED-FFI-CI-253-16,En proceso de Firmas,Diciembre,"CONCURSO INVITACION                    



Invitaciones",FEDERAL,Centros de Desarrollo Comunitario,"REHABILITACIÓN Y AMPLIACIÓN DEL CENTRO DE DESARROLLO COMUNITARIO No. 05 EN LA COLONIA BLANCO Y CUELLAR, MUNICIPIO DE GUADALAJARA, JALISCO.",.,Zona 5: Olímpica,6038980.78,obraDetalle.php?id_obra=16REHZ05253,"Grupo Emporio Contemporáneo, S.A. de C.V.",GEC060410IX9
DOP-REH-FED-FFI-CI-254-16,En proceso de Firmas,Diciembre,"CONCURSO INVITACION                    



Invitaciones",FEDERAL,Centros de Desarrollo Comunitario,"REHABILITACIÓN Y AMPLIACIÓN DEL CENTRO DE DESARROLLO COMUNITARIO NO. 14 EN LA COLONIA LOMAS DEL GALLO, MUNICIPIO DE GUADALAJARA, JALISCO.",.,Zona 6: Tetlán,7873707.52,obraDetalle.php?id_obra=16REHZ06254,"Althen Constructora, S.A. de  C.V.",ACO110719FD1
DOP-REH-EST-MER-CI-255-16,En proceso de Firmas,Diciembre,"CONCURSO INVITACION                    



Invitaciones",ESTATAL,Mercados,"REHABILITACIÓN DE LAS INSTALACIONES DE LA RED DE AGUA POTABLE, SANITARIA Y PISOS PARA EL REMOZAMIENTO DEL MERCADO ""SAN JUAN DE DIOS"", EN EL MUNICIPIO DE GUADALAJARA, JALISCO.",.,Zona 1: Centro,5048424.1,obraDetalle.php?id_obra=16REHZ01255,"Ingenieria y Edificaciones Lec, S.A. de C.V.",IEL101130SI0
DOP-CON-EST-MER-CI-256-16,En proceso de Firmas,Diciembre,"CONCURSO INVITACION                    



Invitaciones",ESTATAL,Mercados,"TRABAJOS DE OBRA CIVIL PARA LA CONSTRUCCIÓN, ADECUACIÓN DE LA UNIDAD ADMINISTRATIVA EN EL ""MERCADO CORONA"", MUNICIPIO DE GUADALAJARA, JALISCO.",.,Zona 1: Centro,5098474.8,obraDetalle.php?id_obra=16CONZ01256,Comkrete S.A. de C.V.,COM040227229
DOP-REH-EST-MER-CI-257-16,En proceso de Firmas,Diciembre,"CONCURSO INVITACION                    



Invitaciones",ESTATAL,Mercados,"REHABILITACIÓN DE BAJANTES, IMPERMEABILIZACIÓN, DOMOS, PINTURAS Y ARBOLADO PARA EL REMOZAMIENTO DEL MERCADO ""SAN JUAN DE DIOS"", EN EL MUNICIPIO DE GUADALAJARA, JALISCO.",.,Zona 1: Centro,5112153.48,obraDetalle.php?id_obra=16REHZ01257,Arquitectura y Diseño en Armonia S.A. de C.V.,ADA040607DY7
DOP-EYP-MUN-PRO-AD-258-16,En proceso de Firmas,Diciembre,ASIGNACION DIRECTA,MUNICIPAL,Estudios y Proyectos ( Proyecto ),"ELABORACIÓN DE PROYECTO EJECUTIVO DE REGENERACIÓN URBANA EN POLÍGONO DE LOS CORREDORES COMERCIALES DE LONGINOS CADENA, MEDRANO, INDUSTRIA, HOSPITAL Y ENTORNO MERCADO FELIPE ÁNGELES, MUNICIPIO DE GUADALAJARA, JALISCO.",.,Zona 8: Varias Zonas,4210400.0,obraDetalle.php?id_obra=16EYPZ05258,"Cuadra Urbanismo, S.A. de C.V.",CUR150410HU4
DOP-REH-MUN-PRO-AD-259-16,En proceso de Firmas,Diciembre,ASIGNACION DIRECTA,MUNICIPAL,Seguridad Publica,"REHABILITACIÓN DEL MODULO DE SEGURIDAD, EXPLANADA, INTERVENCIÓN DE AREAS COMERCIALES DEL MERCADO FRANCISCO VILLA, UBICADO EN LA COLONIA BLANCO Y CUELLAR DE LA ZONA 5 OLIMPICA, DEL MUNICIPIO DE GUADALAJARA, JALISCO.",.,Zona 5: Olímpica,2078459.21,obraDetalle.php?id_obra=16REHZ05259,"Prococarr, S.A. de C.V.",PRO1411074U0
DOP-REH-MUN-PRO-AD-260-16,En proceso de Firmas,Diciembre,ASIGNACION DIRECTA,MUNICIPAL,Obras Varias Rehabilitación,"TRABAJOS DE REHABILITACIÓN DE LA INSTALACIÓN HIDRAULICA DE LAS CASCADAS DE LA FUENTE MINERVA, ZONA MINERVA, MUNICIPIO DE GUADALAJARA, JALISCO.",.,Zona 2: Minerva,499957.91,obraDetalle.php?id_obra=16REHZ02260,"Haro Rent, S.A. de C.V.",HRE970609BY7
DOP-SUP-MUN-PRO-AD-261-16,En proceso de Firmas,Diciembre,ASIGNACION DIRECTA,MUNICIPAL,Estudios y Proyectos ( Proyecto ),"SUPERVISIÓN, CONTROL Y GESTIÓN ARQUITECTÓNICA DE EXPEDIENTES DE OBRA PARA LA PLANEACIÓN, ACOMPAÑAMIENTO EN LA EJECUCIÓN DE LAS ACCIONES CONTRATADAS POR EL MUNICIPIO, ESTADO, FEDERACIÓN, EN EL MUNICIPIO DE GUADALAJARA, JALISCO.",.,Zona 1: Centro,3000000.0,obraDetalle.php?id_obra=16SUP01261,"Taller Led, S.C.",TLE1009014X5
DOP-EYP-EST-CZM-AD-262-16,En proceso de Firmas,Diciembre,ASIGNACION DIRECTA,CONSEJO METROPOLITANO,Estudios y Proyectos ( Proyecto ),"ELABORACIÓN DE PROYECTO EJECUTIVO DE REGENERACIÓN URBANA EN POLÍGONO DEL CENTRO HISTÓRICO (ENTORNO SAN JUAN DE DIOS-PLAZA TAPATÍA Y ÁLVARO OBREGÓN), MUNICIPIO DE GUADALAJARA, JALISCO.",.,Zona 1: Centro,1520000.0,obraDetalle.php?id_obra=16EYPZ01262,"Cuadra Urbanismo, S.A. de C.V.",CUR150410HU4
DOP-EYP-EST-CZM-AD-263-16,En proceso de Firmas,Diciembre,ASIGNACION DIRECTA,CONSEJO METROPOLITANO,Estudios y Proyectos ( Proyecto ),"ELABORACIÓN DE PROYECTO EJECUTIVO DE REGENERACIÓN URBANA EN POLÍGONO DEL CENTRO HISTÓRICO (PUENTE PEATONAL HIDALGO), MUNICIPIO DE GUADALAJARA, JALISCO.",.,Zona 1: Centro,1740000.0,obraDetalle.php?id_obra=16EYPZ01263,Arq. Elías Rizo Suárez,RISE670628E31
DOP-EYP-EST-CZM-AD-264-16,En proceso de Firmas,Diciembre,ASIGNACION DIRECTA,CONSEJO METROPOLITANO,Estudios y Proyectos ( Proyecto ),"ELABORACIÓN DE PROYECTO EJECUTIVO DE REGENERACIÓN URBANA EN POLÍGONO DEL CENTRO HISTÓRICO (PARQUE MORELOS), MUNICIPIO DE GUADALAJARA, JALISCO.",.,Zona 1: Centro,1740000.0,obraDetalle.php?id_obra=16EYPZ01264,Metro Arquitectura S.A. de C.V.,MAR970702FC6
DOP-EYP-EST-CZM-AD-265-16,En proceso de Firmas,Diciembre,ASIGNACION DIRECTA,CONSEJO METROPOLITANO,Estudios y Proyectos ( Proyecto ),"ELABORACIÓN DE PROYECTO EJECUTIVO CORREDOR EXPO, MUNICIPIO DE GUADALAJARA, JALISCO.",.,Zona 2: Minerva,5000000.0,obraDetalle.php?id_obra=16EYPZ02265,"Control Grade, S.A. de C.V.",CGR-100319-DT6
DOP-REH-EST-CZM-AD-266-16,En proceso de Firmas,Diciembre,ASIGNACION DIRECTA,CONSEJO METROPOLITANO,Obras Varias Construcción,"TRABAJOS PRELIMINARES DEL MODULO DE BAÑOS PÚBLICOS DE LA RENOVACIÓN INTEGRAL URBANA HABITACIONAL EN ÁREAS Y ZONAS COMERCIALES EN EL POLIGONO DEL DISTRITO DE LA SALUD, MUNICIPIO DE GUADALAJARA, JALISCO.",.,Zona 1: Centro,1450000.0,obraDetalle.php?id_obra=16REHZ02266,Construbravo S.A. de C.V.,CON020208696
DOP-REH-EST-FCC-AD-267-16,En proceso de Firmas,Diciembre,ASIGNACION DIRECTA,ESTATAL,Obras Varias Equipamiento,"INSTALACIONES ELECTRICAS (MEDIA TENSIÓN) DE LA CONSTRUCCIÓN, ADECUACIÓN Y EQUIPAMIENTO DE LA UNIDAD ADMINISTRATIVA EN EL ""MERCADO CORONA"", EN LA ZONA 1 (CENTRO) DEL MUNICIPIO DE GUADALAJARA, JALISCO.",.,Zona 1: Centro,1036639.02,obraDetalle.php?id_obra=16REHZ01267,Constructora Bauer S.A. de C.V.,CBA910123TDA
DOP-CON-EST-SEÑ-AD-268-16,En proceso de Firmas,Diciembre,ASIGNACION DIRECTA,ESTATAL,Balizamiento,"TRABAJOS DE SUMINISTRO Y COLOCACION DE SEÑALETICA VERTICAL Y HORIZONTAL (FRENTE 1), EN EL PROGRAMA DE VIALIDADES DE LAS ZONAS DEL MUNICIPIO DE GUADALAJARA, JALISCO.",.,Zona 1: Centro,1350000.0,obraDetalle.php?id_obra=16CONZ02268,Semex S.A. de C.V.,SEM680801193
DOP-CON-EST-SEÑ-AD-269-16,En proceso de Firmas,Diciembre,ASIGNACION DIRECTA,ESTATAL,Balizamiento,"TRABAJOS DE SUMINISTRO Y COLOCACION DE SEÑALETICA VERTICAL Y HORIZONTAL (FRENTE 2), EN EL PROGRAMA DE VIALIDADES DE LAS ZONAS DEL MUNICIPIO DE GUADALAJARA, JALISCO.",.,Zona 1: Centro,1000000.0,obraDetalle.php?id_obra=16CONZ05269,"Cactus Traffic de Chihuahua, S.A. de C.V.",CTC051025D83
DOP-CON-EST-SEÑ-AD-270-16,En proceso de Firmas,Diciembre,ASIGNACION DIRECTA,ESTATAL,Balizamiento,"TRABAJOS DE SUMINISTRO Y COLOCACION DE SEÑALETICA VERTICAL Y HORIZONTAL (FRENTE 3), EN EL PROGRAMA DE VIALIDADES DE LAS ZONAS DEL MUNICIPIO DE GUADALAJARA, JALISCO",.,Zona 1: Centro,1350000.0,obraDetalle.php?id_obra=16CONZ02270,Arq. Adriana Gonzalez Montañez,GOMA690304EZ9
DOP-CON-EST-MER-CI-271-16,En proceso de Firmas,Diciembre,"CONCURSO INVITACION                    



Invitaciones",ESTATAL,Mercados,"TRABAJOS DE AIRE ACONDICIONADO, INSTALACIONES DE VOZ Y DATOS PARA LA CONSTRUCCIÓN, ADECUACIÓN Y EQUIPAMIENTO DE LA UNIDAD ADMINISTRATIVA EN EL ""MERCADO CORONA"", MUNICIPIO DE GUADALAJARA, JALISCO.",.,Zona 1: Centro,5097415.9,obraDetalle.php?id_obra=16CONZ01271,Conaire de Occidente S.A. de C.V.,COC910823G80
DOP-REH-EST-MER-CI-272-16,En proceso de Firmas,Diciembre,"CONCURSO INVITACION                    



Invitaciones",ESTATAL,Mercados,"REHABILITACIÓN DE LAS INSTALACIONES ELECTRICAS PARA EL REMOZAMIENTO DEL MERCADO ""SAN JUAN DE DIOS"", EN EL MUNICIPIO DE GUADALAJARA, JALISCO.",.,Zona 1: Centro,4866715.77,obraDetalle.php?id_obra=16REHZ01272,"Ingenieria Proser, S.A. de C.V.",IPR110119PE8
DOP-CON-EST-MER-CI-273-16,En proceso de Firmas,Diciembre,"CONCURSO INVITACION                    



Invitaciones",ESTATAL,Mercados,"TRABAJOS DE PISOS ESPECIALES, CCTV Y PLANTA DE EMERGENCIA PARA LA CONSTRUCCIÓN, ADECUACIÓN Y EQUIPAMIENTO DE LA UNIDAD ADMINISTRATIVA EN EL ""MERCADO CORONA"", MUNICIPIO DE GUADALAJARA, JALISCO.",.,Zona 1: Centro,5098019.92,obraDetalle.php?id_obra=16CONZ01273,"Terra Civitas, S. de R.L. de C.V.",TCI100324HP0
DOP-REH-EST-FOC-CI-274-16,En proceso de Firmas,Diciembre,"CONCURSO INVITACION                    



Invitaciones",ESTATAL,Parques,"TRABAJOS DE BAÑOS Y VESTIDORES, BOMBAS DE CALOR PARA LA REHABILITACIÓN Y EQUIPAMIENTO DEL PARQUE SAN RAFAEL SEGUNDA ETAPA, MUNICIPIO DE GUADALAJARA, JALISCO.",.,Zona 6: Tetlán,5048196.16,obraDetalle.php?id_obra=16REHZ06274,Planeación Urbana S.A. de C.V.,PUR740725SA6
DOP-REH-EST-MER-CI-275-16,En proceso de Firmas,Diciembre,"CONCURSO INVITACION                    



Invitaciones",ESTATAL,Mercados,"REHABILITACIÓN DE LAS INSTALACIONES ELECTRICAS, GAS, RED CONTRA INCENDIO Y OBRA CIVIL PARA EL REMOZAMIENTO DEL MERCADO ""SAN JUAN DE DIOS"", EN EL MUNICIPIO DE GUADALAJARA, JALISCO.",.,Zona 1: Centro,4566326.62,obraDetalle.php?id_obra=16REH0275,Constructora Bauer S.A. de C.V.,CBA910123TDA
DOP-REH-EST-CZM-CI-276-16,En proceso de Firmas,Diciembre,"CONCURSO INVITACION                    



Invitaciones",CONSEJO METROPOLITANO,Obras Varias Construcción,"RENOVACIÓN INTEGRAL URBANA HABITACIONAL EN ÁREAS Y ZONAS COMERCIALES EN EL POLIGONO DEL MERCADO FELIPE ÁNGELES EN LA CALLE GUELATAO, MUNICIPIO DE GUADALAJARA, JALISCO.",.,Zona 4: Oblatos,4924605.74,obraDetalle.php?id_obra=16REHZ06276,"Karol Urbanizaciones y Construcciones, S.A. de C.V.",KUC070424344
DOP-REH-EST-PAV-CI-277-16,En proceso de Firmas,Diciembre,"CONCURSO INVITACION                    



Invitaciones",CONSEJO METROPOLITANO,Pavimentos,"PAVIMENTACIÓN DE LA CALLE CORONEL CALDERON DE LA RENOVACIÓN INTEGRAL URBANA HABITACIONAL EN AREAS Y ZONAS COMERCIALES EN EL POLIGONO DE DISTRITO DE LA SALUD, MUNICIPIO DE GUADALAJARA, JALISCO.",.,Zona 1: Centro,5110525.52,obraDetalle.php?id_obra=16REHZ02277,Constructora Tequilense S.A. de C.V.,CTE9911098R9
DOP-REH-EST-CZM-CI-278-16,En proceso de Firmas,Diciembre,"CONCURSO INVITACION                    



Invitaciones",CONSEJO METROPOLITANO,Obras Varias Rehabilitación,"RENOVACIÓN INTEGRAL URBANA HABITACIONAL EN ÁREAS Y ZONAS COMERCIALES EN EL POLIGONO DEL MERCADO FELIPE ÁNGELES EN LA CALLE FEDERACIÓN, MUNICIPIO DE GUADALAJARA, JALISCO.",.,Zona 5: Olímpica,5069326.7,obraDetalle.php?id_obra=16REHZ06278,SB  Ingenieros Civiles S. A. de C.V.,SIC980529I59
DOP-REH-EST-CZM-CI-279-16,En proceso de Firmas,Diciembre,"CONCURSO INVITACION                    



Invitaciones",CONSEJO METROPOLITANO,Obras Varias Rehabilitación,"RENOVACIÓN INTEGRAL URBANA HABITACIONAL EN ÁREAS Y ZONAS COMERCIALES EN EL POLIGONO DEL CORREDOR POLANCO EN LA CALLE LONGINOS CADENA (PONIENTE), MUNICIPIO DE GUADALAJARA, JALISCO.",.,Zona 7: Cruz del Sur,5022792.15,obraDetalle.php?id_obra=16REHZ07279,Torres Aguirre Ingenieros S.A. de C.V.,TAI920312952
DOP-REH-EST-CZM-CI-280-16,En proceso de Firmas,Diciembre,"CONCURSO INVITACION                    



Invitaciones",CONSEJO METROPOLITANO,Obras Varias Construcción,"RENOVACIÓN INTEGRAL URBANA HABITACIONAL EN ÁREAS Y ZONAS COMERCIALES EN EL POLIGONO DEL MERCADO FELIPE ÁNGELES EN LA CALLE HUERTAS, MUNICIPIO DE GUADALAJARA, JALISCO.",.,Zona 5: Olímpica,5002617.57,obraDetalle.php?id_obra=16REHZ06280,Infraestructura San Miguel S.A. de C.V.,ISM0112209Y5
DOP-REH-EST-CZM-CI-281-16,En proceso de Firmas,Diciembre,"CONCURSO INVITACION                    



Invitaciones",CONSEJO METROPOLITANO,Obras Varias Rehabilitación,"TERMINACIÓN DEL MODULO DE BAÑOS PÚBLICOS E INTERVENCIÓN DE LA PRIMERA ETAPA DEL JARDIN BOTANICO DE LA RENOVACIÓN INTEGRAL URBANA HABITACIONAL EN ÁREAS Y ZONAS COMERCIALES EN EL POLIGONO DEL DISTRITO DE LA SALUD, MUNICIPIO DE GUADALAJARA, JALISCO.",.,Zona 1: Centro,3438575.0,obraDetalle.php?id_obra=16REHZ01281,"Constructora Cecuchi, S.A. de C.V.",CCE130723IR7
DOP-REH-EST-CZM-CI-282-16,En proceso de Firmas,Diciembre,"CONCURSO INVITACION                    



Invitaciones",CONSEJO METROPOLITANO,Obras Varias Rehabilitación,"RENOVACIÓN INTEGRAL URBANA HABITACIONAL EN ÁREAS Y ZONAS COMERCIALES EN EL POLIGONO DEL CORREDOR POLANCO EN LA CALLE LONGINOS CADENA (ORIENTE), MUNICIPIO DE GUADALAJARA, JALISCO.",.,Zona 7: Cruz del Sur,3212255.79,obraDetalle.php?id_obra=16REHZ07282,Sr. José Antonio Cuevas Briseño,CUBA5705179V8
DOP-REH-EST-FOC-AD-283-16,En proceso de Firmas,Diciembre,ASIGNACION DIRECTA,ESTATAL,Parques,"TRABAJOS DE PISTA DE TARTAN PARA LA REHABILITACIÓN Y EQUIPAMIENTO DEL PARQUE SAN RAFAEL SEGUNDA ETAPA, MUNICIPIO DE GUADALAJARA, JALISCO.",.,Zona 6: Tetlán,1450800.01,obraDetalle.php?id_obra=16REHZ06283,Grupo Constructor Los Muros S.A. de C.V.,GCM020226F28
DOP-EYP-MUN-PRO-AD-020-16,En proceso de Firmas,Noviembre,ASIGNACION DIRECTA,MUNICIPAL,Estudios y Proyectos ( Proyecto ),"DIAGNÓSTICO, DISEÑO Y PROYECTOS ESTRUCTURALES DE DIFERENTES ELEMENTOS  DEL PROGRAMA 2016, EN EL MUNICIPIO DE GUADALAJARA, JALISCO.",.,Zona 1: Centro,1994040.0,obraDetalle.php?id_obra=16EYPZ01020,"Asesydis, S.C.",ASE080211FP1
DOP-EYP-MUN-PRO-AD-021-16,En proceso de Firmas,Noviembre,ASIGNACION DIRECTA,MUNICIPAL,Estudios y Proyectos ( Proyecto ),"ESTUDIO DE MECÁNICA DE SUELOS, CONTROL DE CALIDAD Y ESTUDIOS DE INGENIERÍA EN DIVERSAS OBRAS ESPECIALIZADAS DEL PROGRAMA 2016, EN EL MUNICIPIO DE GUADALAJARA, JALISCO.",.,Zona 1: Centro,2000313.93,obraDetalle.php?id_obra=16EYPZ01021,"Ingenieria de Suelos Asesoria y Laboratorio, S.A. de C.V.",ISA910601QB5
DOP-REH-MUN-MER-AD-040-16,En proceso de Firmas,Noviembre,ASIGNACION DIRECTA,MUNICIPAL,Mercados,"REHABILITACIÓN DE INSTALACIÓN ELÉCTRICA PARA EL MERCADO ""PONCIANO ARRIAGA"", EN LA COL. JARDINES DE GUADALUPE DE LA ZONA 5 OLÍMPICA, DEL MUNICIPIO DE GUADALAJARA, JALISCO.",.,Zona 5: Olímpica,3088973.19,obraDetalle.php?id_obra=16REHZ05040,"Ingenieria Proser, S.A. de C.V.",IPR110119PE8
DOP-CON-EST-PAV-CI-117-16,En proceso de Firmas,Noviembre,"CONCURSO INVITACION                    



Invitaciones",ESTATAL,Pavimentos,"'PAVIMENTACIÓN CON CONCRETO HIDRÁULICO Y OBRAS INDUCIDAS DE LA CALLE RAMON LOPEZ VELARDE  ENTRE CALLE GIGANTES Y CALLE ALDAMA, ZONA OLIMPICA, ETAPA 1, MUNICIPIO DE GUADALAJARA, JALISCO.",.,Zona 5: Olímpica,4749774.44,obraDetalle.php?id_obra=16ESTZ01117,"Ingenieros de la Torre, S.A. de C.V.",ITO951005HY5
DOP-CON-EST-PAV-CI-118-16,En proceso de Firmas,Noviembre,"CONCURSO INVITACION                    



Invitaciones",ESTATAL,Pavimentos,"PAVIMENTACIÓN CON CONCRETO HIDRÁULICO Y OBRAS INDUCIDAS DE LA CALLE MONTAÑAS ROCALLOSAS ENTRE PERIFERICO NORTE Y CALLE COMBATE PALO ALTO, ZONA HUENTITAN, ETAPA 1, MUNICIPIO DE GUADALAJARA, JALISCO.",.,Zona 3: Huentitán,3944750.04,obraDetalle.php?id_obra=16PAVZ03118,KMS Construcciones S.A. de C.V.,KCO081109A67
DOP-CON-EST-PAV-CI-120-16,En proceso de Firmas,Noviembre,"CONCURSO INVITACION                    



Invitaciones",ESTATAL,Pavimentos,"PAVIMENTACIÓN CON CONCRETO HIDRÁULICO Y OBRAS INDUCIDAS DE LA CALLE RAMON LOPEZ VELARDE ENTRE CALLE ALDAMA Y CALLE MEDRANO, ZONA OLIMPICA, ETAPA 1, MUNICIPIO DE GUADALAJARA, JALISCO.",.,Zona 5: Olímpica,5056954.12,obraDetalle.php?id_obra=16PAVZ05120,Torres Aguirre Ingenieros S.A. de C.V.,TAI920312952
DOP-CON-EST-PAV-CI-122-16,En proceso de Firmas,Noviembre,"CONCURSO INVITACION                    



Invitaciones",ESTATAL,Pavimentos,"PAVIMENTACIÓN CON CONCRETO HIDRÁULICO Y OBRAS INDUCIDAS DE LA MONTAÑAS ROCALLOSAS ENTRE CALLE COMBATE PALO ALTO Y CALLE SABIDURIA, ZONA HUENTITAN, ETAPA 1,  MUNICIPIO DE GUADALAJARA, JALISCO.",.,Zona 3: Huentitán,4099005.78,obraDetalle.php?id_obra=16PAVZ03122,"Tekton Grupo Empresarial, S.A. de C.V.",TGE101215JI6
DOP-CON-EST-PAV-CI-123-16,En proceso de Firmas,Noviembre,"CONCURSO INVITACION                    



Invitaciones",ESTATAL,Pavimentos,"PAVIMENTACIÓN CON CONCRETO HIDRÁULICO Y OBRAS INDUCIDAS DE LA CALLE RAMON LOPEZ VELARDE ENTRE CALLE MEDRANO Y CALLE PENSADOR MEXICANO, ZONA OLIMPICA, ETAPA 1, MUNICIPIO DE GUADALAJARA, JALISCO.",.,Zona 5: Olímpica,4198746.99,obraDetalle.php?id_obra=16PAVZ05123,"Megaenlace Construcciones, S.A. de C.V.",MCO1510113H8
DOP-CON-EST-PAV-CI-124-16,En proceso de Firmas,Noviembre,"CONCURSO INVITACION                    



Invitaciones",ESTATAL,Pavimentos,"PAVIMENTACIÓN CON CONCRETO HIDRÁULICO Y OBRAS INDUCIDAS DE LA CALLE LUIS COVARRUBIAS ENTRE CALLE MANUEL AVELEYRA A CALLE MARCELINO MANGAS, ZONA MIRAVALLE, ETAPA 1, MUNICIPIO DE GUADALAJARA, JALISCO.",.,Zona 7: Cruz del Sur,4089307.63,obraDetalle.php?id_obra=16PAVZ07124,Grupo Taube de México S.A. de C.V.,GTM050418384
DOP-CON-EST-PAV-CI-125-16,En proceso de Firmas,Noviembre,"CONCURSO INVITACION                    



Invitaciones",ESTATAL,Pavimentos,"PAVIMENTACIÓN CON CONCRETO HIDRÁULICO Y OBRAS INDUCIDAS DE LA CALLE LUIS CASTILLO LEDÓN ENTRE CALLE ABUNDANCIA Y PERIFERICO NORTE, ZONA OBLATOS, ETAPA 1, MUNICIPIO DE GUADALAJARA, JALISCO.",.,Zona 4: Oblatos,5071309.73,obraDetalle.php?id_obra=16PAVZ04,Ing. Martin Rodolfo Preciado Rodríguez,PERM631018RP6
DOP-CON-EST-PAV-CI-127-16,En proceso de Firmas,Noviembre,"CONCURSO INVITACION                    



Invitaciones",ESTATAL,Pavimentos,"PAVIMENTACIÓN CON CONCRETO HIDRÁULICO Y OBRAS INDUCIDAS DE LA CALLE RAMON LOPEZ VELARDE ENTRE CALLE PENSADOR MEXICANO Y CALLE ARTES, ZONA OLIMPICA, ETAPA 1, MUNICIPIO DE GUADALAJARA, JALISCO.",.,Zona 5: Olímpica,5105031.37,obraDetalle.php?id_obra=16PAVZ05127,"TC Construcción y Mantenimiento, S.A. de C.V.",TCM100915HA1
DOP-CON-EST-PAV-CI-128-16,En proceso de Firmas,Noviembre,"CONCURSO INVITACION                    



Invitaciones",ESTATAL,Pavimentos,"PAVIMENTACIÓN CON CONCRETO HIDRÁULICO Y OBRAS INDUCIDAS DE LA CALLE NAVARRA ENTRE AV. PATRIA A CALLE PORTALEGRE, EN LA COL. SANTA ELENA DE LA CRUZ EN LA ZONA 3 HUENTITAN, MUNICIPIO DE GUADALAJARA, JALISCO.",.,Zona 3: Huentitán,3893244.99,obraDetalle.php?id_obra=16PAVZ03128,"Karol Urbanizaciones y Construcciones, S.A. de C.V.",KUC070424344
DOP-REH-MUN-PRO-AD-129-16,En proceso de Firmas,Noviembre,ASIGNACION DIRECTA,MUNICIPAL,Bacheo y Pavimentos,"SUMINISTRO Y COLOCACIÓN DE BACHEO PREVENTIVO Y CORRECTIVO DE PAVIMENTOS EN LA ZONA 5 (OLIMPICA) Y ZONA 1 (CENTRO), MUNICIPIO DE GUADALAJARA, JALISCO.",.,Zona 5: Olímpica,2984448.0,obraDetalle.php?id_obra=16REHZ05129,"Constructora Cecuchi, S.A. de C.V.",CCE130723IR7
DOP-CON-EST-PAV-CI-177-16,En proceso de Firmas,Noviembre,"CONCURSO INVITACION                    



Invitaciones",ESTATAL,Pavimentos,"PAVIMENTACIÓN CON CONCRETO HIDRÁULICO Y OBRAS INDUCIDAS DE LA CALLE LUIS COVARRUBIAS ENTRE CALLE 5 DE FEBRERO A CALLE 21 DE MARZO, ZONA MIRAVALLE, ETAPA 1, MUNICIPIO DE GUADALAJARA, JALISCO.",.,Zona 7: Cruz del Sur,4185462.38,obraDetalle.php?id_obra=16CONZ07175,"Ingenieros Pavimentos, S.A. de C.V.",IPA151104DX8
DOP-CON-MUN-PAV-AD-180-16,En proceso de Firmas,Noviembre,ASIGNACION DIRECTA,APORTACION FEDERAL RAMO 33,Obras Varias Rehabilitación,"REHABILITACIÓN DE LA CALLE CONSTITUCIÓN, EN LA COLONIA ANALCO DE LA ZONA 1 CENTRO, MUNICIPIO DE GUADALAJARA, JALISCO.",.,Zona 1: Centro,2298833.18,obraDetalle.php?id_obra=16CONZ01180,Constructora Anguibara N.G. S.A. de C.V.,CAN071001BH1
DOP-REH-MUN-PRO-AD-187-16,En proceso de Firmas,Noviembre,ASIGNACION DIRECTA,MUNICIPAL,Recuperación de Espacios Publicos,"RESCATE DE ESPACIO PÚBLICO EN LA ESQUINA DE BLVR. GRAL. MARCELINO GARCIA BARRAGÁN Y CORREGIDORA (C-40), EN LA COL. UNIDAD MODELO DE LA ZONA 5 OLIMPICA, MUNICIPIO DE GUADALAJARA, JALISCO.",.,Zona 5: Olímpica,1849131.38,obraDetalle.php?id_obra=16REHZ05187,"Grupo Constructor Maca, S.A. de C.V.",GCM071204995
DOP-REH-EST-MER-AD-191-16,En proceso de Firmas,Noviembre,ASIGNACION DIRECTA,ESTATAL,Mercados,"CONSTRUCCIÓN, ADECUACIÓN Y EQUIPAMIENTO DE LA UNIDAD ADMINISTRATIVA EN EL ""MERCADO CORONA"" (IMPERMEABILIZACIÓN), EN LA ZONA 1 (CENTRO) DEL MUNICIPIO DE GUADALAJARA, JALISCO.",.,Zona 1: Centro,388940.52,obraDetalle.php?id_obra=16REHZ01191,Edificaciones y Espacios Letco S.A. de C.V.,EEL0204268V2
DOP-REH-MUN-ESC-CI-192-16,En proceso de Firmas,Noviembre,"CONCURSO INVITACION                    



Invitaciones",APORTACION FEDERAL RAMO 33,Escuelas,"REHABILITACIÓN DE ESCUELAS CONSISTENTE EN CUBIERTA SOBRE CANCHA DE USOS MÚLTIPLES DEL  CENTRO DE ATENCIÓN MÚLTIPLE No.1, PRIMARIA URBANA No.5 ""SARA MERCADO GONZÁLEZ"", PRIMARIA ""BENITO JUÁREZ"", SECUNDARIA MIXTA No.11 ""AMELIA GUADALUPE COVARRUBIAS"" Y LA SEC",.,Zona 1: Centro,4796628.03,obraDetalle.php?id_obra=16VZREH192,"Tecnologos e Ingenieros Civiles, S.A. de C.V.",TIC961106DX9
DOP-CON-MUN-COM-AD-193-16,En proceso de Firmas,Noviembre,ASIGNACION DIRECTA,APORTACION FEDERAL RAMO 33,Centros de Desarrollo Comunitario,"CONSTRUCCIÓN DE COMEDOR EN EL CENTRO DE BIENESTAR COMUNITARIO ""CUAUHTÉMOC"", EN LA COLONIA CUAUHTÉMOC DE LA ZONA 6 TETLAN, MUNICIPIO DE GUADALAJARA, JALISCO.",.,Zona 6: Tetlán,1891684.65,obraDetalle.php?id_obra=16CONZ06193,"Rustico Mexicano, S.A. de C.V.",RME961105JW1
DOP-REH-EST-MER-AD-194-16,En proceso de Firmas,Noviembre,ASIGNACION DIRECTA,ESTATAL,Mercados,"CONSTRUCCIÓN, ADECUACIÓN Y EQUIPAMIENTO DE LA UNIDAD ADMINISTRATIVA EN EL ""MERCADO CORONA"" (ALUMINIO), EN LA ZONA 1 (CENTRO) DEL MUNICIPIO DE GUADALAJARA, JALISCO.",.,Zona 1: Centro,1448779.07,obraDetalle.php?id_obra=16REHZ01194,Comkrete S.A. de C.V.,COM040227229
DOP-REH-MUN-PRO-AD-195-16,En proceso de Firmas,Noviembre,ASIGNACION DIRECTA,MUNICIPAL,Riesgos ( Contingencias ),"RECONSTRUCCIÓN EMERGENTE DE MURO DE CONTENCIÓN EN ANDADOR BARRANCA DE OBLATOS DE LA ZONA 4 (OBLATOS), MUNICIPIO DE GUADALAJARA, JALISCO.",.,Zona 4: Oblatos,620291.13,obraDetalle.php?id_obra=16REHZ04195,Lakay Construcciones S.A. de C.V.,LCO110719FD1
DOP-CON-MUN-PAV-CI-196-16,En proceso de Firmas,Noviembre,ASIGNACION DIRECTA,APORTACION FEDERAL RAMO 33,Pavimentos,"CONSTRUCCIÓN DE LA RED DE AGUA POTABLE, ALCANTARILLADO Y PAVIMENTO EN DISTINTAS CALLES EN LA COLONIA DIVISIÓN DEL NORTE, MUNICIPIO DE GUADALAJARA, JALISCO.",.,Zona 3: Huentitán,3650595.18,obraDetalle.php?id_obra=16CONZ03196,Acont S.A. de C.V.,ACO980205C89
SSM-RM-AP-CI-C05-002/15,En proceso de Firmas,Octubre,"CONCURSO INVITACION                    



Invitaciones",MUNICIPAL,Estudios y Proyectos ( Trabajo ),"SUPERVISION EXTERNA A LA SUSTITUCION DE LUMINARIAS, FOCOS Y BALASTROS ASI COMO AL FORTALECIMIENTO DE LA INFRAESTRUCTURA DE ALUMBRADO PÚBLICO DE GUADALAJARA.",.,Zona 1: Centro,7193917.7,obraDetalle.php?id_obra=15Z01RM002,"Pareti Construcciones, S.A. de C.V.",PCO1201264F5
DOP-REH-MUN-MER-AD-038-16,En proceso de Firmas,Octubre,ASIGNACION DIRECTA,MUNICIPAL,Mercados,"REHABILITACIÓN DE INSTALACIÓN ELÉCTRICA PARA EL MERCADO ""FRAY ANTONIO DE SEGOVIA"", EN LA COL. ESPERANZA DE LA ZONA 3 HUENTITAN, DEL MUNICIPIO DE GUADALAJARA, JALISCO.",.,Zona 4: Oblatos,1158351.86,obraDetalle.php?id_obra=16REHZ03038,IME. Javier Omar González Hurtado,GOHJ681226AI0
DOP-REH-EST-PRO-CI-092-16,En proceso de Firmas,Octubre,"CONCURSO INVITACION                    



Invitaciones",ESTATAL,Obras Varias Construcción,"REHABILITACIÓN DEL BOSQUE LOS COLOMOS SEGUNDA ETAPA, FRENTE 2 (AREA DE ROTARIOS,  EJERCITADORES DE ZONA PATRIA, ZONA DE LA ARAÑA, FUENTE BALLENAS,  PERGOLAS, PUENTES VEHICULARES Y PEATONALES) EN LA ZONA 2 MINERVA DEL MUNICIPIO DE GUADALAJARA, JALISCO.",.,Zona 2: Minerva,4996952.52,obraDetalle.php?id_obra=16REHZ02092,"Desarrolladora Mar Mediterraneo, S.A. de C.V.",DMM0409235K3
DOP-REH-MUN-PRO-CI-132-16,En proceso de Firmas,Octubre,"CONCURSO INVITACION                    



Invitaciones",MUNICIPAL,Pavimentos,"REPAVIMENTACIÓN DE VIALIDADES DE LA CALLE CONTRERAS MEDELLIN, DE JESUS GARCIA A AV. HIDALGO, CALLE MARIANO BARCENA, DE JESUS GARCIA A AV. HIDALGO, EN LA COLONIA CENTRO (ZONA 1), MUNICIPIO DE GUADALAJARA, JALISCO.",.,Zona 1: Centro,6298950.87,obraDetalle.php?id_obra=16REHZ01132,Gilco Ingenieria S.A. de C.V.,GIN1202272F9
DOP-REH-EST-PAV-CI-133-16,En proceso de Firmas,Octubre,"CONCURSO INVITACION                    



Invitaciones",ESTATAL,Pavimentos,"REPAVIMENTACIÓN DE VIALIDADES DE LA CALLE RIO AMECA, DE RIO TUITO A RIO SAN JUAN DE DIOS, CALLE RIO TUITO, DE RIO AMECA A RIO AUTLÁN, CALLE TORRECILLAS, DE RIO ATOTONILCO A RIO MASCOTA, CALLE TORRECILLAS, DE RIO INDEPENDENCIA A RIO JUAREZ, EN LA COLONIA A",.,Zona 5: Olímpica,3184458.66,obraDetalle.php?id_obra=16REHZ05133,Construcciones y Edificaciones Bato S.A. de C.V.,CEB961031DJ1
DOP-REH-EST-PAV-CI-134-16,En proceso de Firmas,Octubre,"CONCURSO INVITACION                    



Invitaciones",ESTATAL,Pavimentos,"REPAVIMENTACIÓN DE VIALIDADES DE LA CALLE RIO ALBERTO CORREA, DE LUIS COVARRUBIAS A 8 DE JULIO, CALLE JOSE ARRECE, DE RAFAEL LOZADA A MARIA C. BANCALARI, CALLE JOSE MANCISIDOR, DE LUIS COVARRUBIAS A JOSE ARRECE, CALLE LIBRADO ACEVEDO DE BARTOLOME GUTIERRE",.,Zona 7: Cruz del Sur,6083137.12,obraDetalle.php?id_obra=16REHZ07134,Megaobras S.A. de C.V.,MEG030224QK1
DOP-REH-MUN-PRO-AD-135-16,En proceso de Firmas,Octubre,ASIGNACION DIRECTA,MUNICIPAL,Obras Varias Rehabilitación,"DESMONTE, DESPLAME Y LIMPIEZA DE PREDIO MUNICIPAL, UBICADO EN AVENIDA MALECON Y ESQUINA AVENIDA PATRIA, EN LA COLONIA VISTAS DEL NILO DE LA ZONA 6 TETLAN, MUNICIPIO DE GUADALAJARA, JALISCO.",.,Zona 6: Tetlán,772509.53,obraDetalle.php?id_obra=16Z06REH135,Sr. Regino Ruiz del Campo Medina,RUMR771116UA8
DOP-CON-FED-PDR-LP-136-16,En proceso de Firmas,Octubre,LICITACION PUBLICA,FEDERAL,Pavimentos,"PAVIMENTACIÓN CON CONCRETO HIDRÁULICO, GUARNICIONES, BANQUETAS, RED DE AGUA POTABLE Y ALCANTARILLADO, ALUMBRADO PÚBLICO Y ARBOLADO, DE LA CALLE PUERTO MELAQUE (FRENTE 1), EN LA ZONA ORIENTE DE LA CIUDAD, MUNICIPIO DE GUADALAJARA, JALISCO.",.,Zona 4: Oblatos,13840593.88,obraDetalle.php?id_obra=16CONZ05136,KMS Construcciones S.A. de C.V.,KCO081109A67
DOP-CON-FED-PDR-LP-137-16,En proceso de Firmas,Octubre,LICITACION PUBLICA,FEDERAL,Pavimentos,"PAVIMENTACIÓN CON CONCRETO HIDRÁULICO, GUARNICIONES, BANQUETAS, RED DE AGUA POTABLE Y ALCANTARILLADO, ALUMBRADO PÚBLICO Y ARBOLADO, DE LA CALLE PUERTO MELAQUE (FRENTE 2), EN LA ZONA ORIENTE DE LA CIUDAD, MUNICIPIO DE GUADALAJARA, JALISCO.",.,Zona 4: Oblatos,10909502.7,obraDetalle.php?id_obra=16CONZ05,Proyectos  E Insumos Industriales Jelp S.A. de C.V.,PEI020208RW0
DOP-CON-FED-PDR-LP-138-16,En proceso de Firmas,Octubre,LICITACION PUBLICA,FEDERAL,Pavimentos,"PAVIMENTACIÓN CON CONCRETO HIDRÁULICO, GUARNICIONES, BANQUETAS, RED DE AGUA POTABLE Y ALCANTARILLADO, ALUMBRADO PÚBLICO Y ARBOLADO, DE LA CALLE FRANCISCO SARABIA EN LA ZONA ORIENTE DE LA CIUDAD, MUNICIPIO DE GUADALAJARA, JALISCO.",.,Zona 4: Oblatos,14833835.25,obraDetalle.php?id_obra=16CONZ04138,Construtop S.A. de C.V.,CON001027V80
DOP-CON-FED-PDR-LP-139-16,En proceso de Firmas,Octubre,LICITACION PUBLICA,FEDERAL,Pavimentos,"PAVIMENTACIÓN CON CONCRETO HIDRÁULICO, GUARNICIONES, BANQUETAS, RED DE AGUA POTABLE Y ALCANTARILLADO, ALUMBRADO PÚBLICO Y ARBOLADO, DE LA CALLE GIGANTES EN LA ZONA ORIENTE DE LA CIUDAD, MUNICIPIO DE GUADALAJARA, JALISCO.",.,Zona 4: Oblatos,6112477.62,obraDetalle.php?id_obra=16CONZ06139,"Constructora Cecuchi, S.A. de C.V.",CCE130723IR7
DOP-REH-FED-PDR-LP-140-16,En proceso de Firmas,Octubre,LICITACION PUBLICA,FEDERAL,Unidad Deportiva,"REHABILITACIÓN DE LA UNIDAD DEPORTIVA CIUDAD DE TUCSON, FRENTE 1, MUNICIPIO DE GUADALAJARA, JALISCO.",.,Zona 1: Centro,8069775.86,obraDetalle.php?id_obra=16REHZ04140,Desarrolladora Glar S.A. de C.V.,DGL060620SUA
DOP-REH-FED-PDR-LP-141-16,En proceso de Firmas,Octubre,LICITACION PUBLICA,FEDERAL,Unidad Deportiva,"REHABILITACIÓN DE LA UNIDAD DEPORTIVA CIUDAD DE TUCSON, FRENTE 2, MUNICIPIO DE GUADALAJARA, JALISCO.",.,Zona 1: Centro,9732224.14,obraDetalle.php?id_obra=16REHZ04141,"Grucon de Occidente, S.A. de C.V.",GOC1205232H3
DOP-REH-FED-FFI-LP-142-16,En proceso de Firmas,Octubre,LICITACION PUBLICA,FEDERAL,Pavimentos,"REPAVIMENTACIÓN DE CALLES EN LA COLONIA SAN ISIDRO DEL MUNICIPIO DE GUADALAJARA, JALISCO.",.,Zona 5: Olímpica,6425897.75,obraDetalle.php?id_obra=16REHZ05142,"Asfaltos y Agregados Copalita, S. A. de C.V.",AAC081114952
DOP-REH-FED-FFI-LP-143-16,En proceso de Firmas,Octubre,LICITACION PUBLICA,FEDERAL,Pavimentos,"REPAVIMENTACIÓN DE CALLES EN LA COLONIA SAN ANTONIO DEL MUNICIPIO DE GUADALAJARA, JALISCO.",.,Zona 5: Olímpica,8198084.79,obraDetalle.php?id_obra=16REHZ05143,Acont S.A. de C.V.,ACO980205C89
DOP-REH-FED-FFI-LP-144-16,En proceso de Firmas,Octubre,LICITACION PUBLICA,FEDERAL,Pavimentos,"REPAVIMENTACIÓN DE CALLES EN LA COLONIA TALPITA, FRENTE 1, DEL MUNICIPIO DE GUADALAJARA, JALISCO.",.,Zona 5: Olímpica,12966117.44,obraDetalle.php?id_obra=16REHZ05144,Grupo Losa Electricidad y Asfalto S.A. de C.V.,GLE0812162E9
DOP-REH-FED-FFI-LP-145-16,En proceso de Firmas,Octubre,LICITACION PUBLICA,FEDERAL,Pavimentos,"REPAVIMENTACIÓN DE CALLES EN LA COLONIA TALPITA, FRENTE 2, DEL MUNICIPIO DE GUADALAJARA, JALISCO.",.,Zona 5: Olímpica,10910321.13,obraDetalle.php?id_obra=16REHZ05145,"UJTAIS, S.A. de C.V.",UJT080924U4A
DOP-REH-FED-FFI-LP-146-16,En proceso de Firmas,Octubre,LICITACION PUBLICA,FEDERAL,Pavimentos,"REPAVIMENTACIÓN DE CALLES EN LA COLONIA POTRERO ALTO DEL MUNICIPIO DE GUADALAJARA, JALISCO.",.,Zona 5: Olímpica,4114016.58,obraDetalle.php?id_obra=16REHZ05146,"Pavimentos y Terracerias LMS, S.A. de C.V.",PTL080924T30
DOP-REH-FED-FFI-LP-147-16,En proceso de Firmas,Octubre,LICITACION PUBLICA,FEDERAL,Pavimentos,"REPAVIMENTACIÓN DE CALLES EN LA COLONIA BLANCO Y CUELLAR, FRENTE 1, DEL MUNICIPIO DE GUADALAJARA, JALISCO.",.,Zona 5: Olímpica,9361806.77,obraDetalle.php?id_obra=16REHZ05147,Supercate S.A. de C.V.,SUP050405330
DOP-REH-FED-FFI-LP-148-16,En proceso de Firmas,Octubre,LICITACION PUBLICA,FEDERAL,Pavimentos,"REPAVIMENTACIÓN DE CALLES EN LA COLONIA BLANCO Y CUELLAR, FRENTE 2, DEL MUNICIPIO DE GUADALAJARA, JALISCO.",.,Zona 5: Olímpica,10057957.99,obraDetalle.php?id_obra=16REHZ05148,"Rivera Construcciones, S.A. de C.V.",RCO820921T66
DOP-REH-FED-FFI-LP-149-16,En proceso de Firmas,Octubre,LICITACION PUBLICA,FEDERAL,Pavimentos,"REPAVIMENTACIÓN DE CALLES EN LA COLONIA BLANCO Y CUELLAR, FRENTE 3, DEL MUNICIPIO DE GUADALAJARA, JALISCO.",.,Zona 5: Olímpica,9927089.33,obraDetalle.php?id_obra=16REHZ05149,"Megaenlace Construcciones, S.A. de C.V.",MCO1510113H8
DOP-REH-FED-FFI-LP-150-16,En proceso de Firmas,Octubre,LICITACION PUBLICA,FEDERAL,Pavimentos,"REPAVIMENTACIÓN DE CALLES EN LA COLONIA SAN ANTONIO (2DA SECCIÓN) DEL MUNICIPIO DE GUADALAJARA, JALISCO.",.,Zona 5: Olímpica,6371720.62,obraDetalle.php?id_obra=16REHZ05150,"Constructora Liderazgo, S.A. de C.V",CLI081211GL3
DOP-REH-FED-FFI-LP-151-16,En proceso de Firmas,Octubre,LICITACION PUBLICA,FEDERAL,Pavimentos,"REPAVIMENTACIÓN DE CALLES EN LA COLONIA PROGRESO DEL MUNICIPIO DE GUADALAJARA, JALISCO.",.,Zona 5: Olímpica,8169576.3,obraDetalle.php?id_obra=16REHZ05151,Acont S.A. de C.V.,ACO980205C89
DOP-REH-EST-CZM-LP-152-16,En proceso de Firmas,Octubre,LICITACION PUBLICA,ESTATAL,Pavimentos,"RENOVACION DE PAVIMENTO CON CONCRETO HIDRAULICO DE CALLES EN LA COLONIA ATLAS, MUNICIPIO DE GUADALAJARA, JALISCO.",.,Zona 5: Olímpica,7415375.75,obraDetalle.php?id_obra=16REHZ2152,"TC Construcción y Mantenimiento, S.A. de C.V.",TCM100915HA1
DOP-REH-EST-CZM-LP-153-16,En proceso de Firmas,Octubre,LICITACION PUBLICA,ESTATAL,Pavimentos,"RENOVACION DE PAVIMENTO ASFALTICO DE CALLES EN LA COLONIA ECHEVERRIA, FRENTE 1, MUNICIPIO DE GUADALAJARA, JALISCO.",.,Zona 7: Cruz del Sur,6105496.15,obraDetalle.php?id_obra=16REHZ07153,Grupo Promotor y Constructor de Occidente S.A. de C.V.,GPC0610136X6
DOP-REH-EST-CZM-LP-154-16,En proceso de Firmas,Octubre,LICITACION PUBLICA,ESTATAL,Pavimentos,"RENOVACION DE PAVIMENTO ASFALTICO DE CALLES EN LA COLONIA ECHEVERRIA, FRENTE 2, MUNICIPIO DE GUADALAJARA, JALISCO.",.,Zona 7: Cruz del Sur,5909560.47,obraDetalle.php?id_obra=16REHZ07154,"Construcciones y Rentas de Maquinaria de Occidente, S.A. de C.V.",CRM910909K48
DOP-REH-EST-CZM-LP-155-16,En proceso de Firmas,Octubre,LICITACION PUBLICA,ESTATAL,Pavimentos,"RENOVACION DE PAVIMENTO ASFALTICO DE CALLES EN LA COLONIA ECHEVERRIA, FRENTE 3, MUNICIPIO DE GUADALAJARA, JALISCO.",.,Zona 7: Cruz del Sur,8756492.61,obraDetalle.php?id_obra=16REHZ07155,Estructuras Construcciones y Urbanizaciones S.A. de C.V.,ECU991015221
DOP-REH-FED-FOR-LP-093-16,En proceso de Firmas,Septiembre,LICITACION PUBLICA,FEDERAL,Unidad Deportiva,"REHABILITACION Y EQUIPAMIENTO DE LA UNIDAD DEPORTIVA No. 7 HEROES DE CHAPULTEPEC EN EL MUNICIPIO DE GUADALAJARA, JALISCO.",.,Zona 1: Centro,9801992.02,obraDetalle.php?id_obra=16FEDZ05093,"Asadc Ingenieria, S.A de C.V.",AIN100317DV7
DOP-REH-FED-FOR-LP-094-16,En proceso de Firmas,Septiembre,LICITACION PUBLICA,FEDERAL,Unidad Deportiva,"REHABILITACION Y EQUIPAMIENTO DE LA UNIDAD DEPORTIVA No. 11 MANUEL LOPEZ COTILLA EN EL MUNICIPIO DE GUADALAJARA, JALISCO.",.,Zona 1: Centro,11586343.73,obraDetalle.php?id_obra=16FEDZ01094,"Constructora Rural del País, S.A. de C.V.",CRP870708I62
DOP-REH-FED-FOR-LP-096-16,En proceso de Firmas,Septiembre,LICITACION PUBLICA,FEDERAL,Unidad Deportiva,"REHABILITACION Y EQUIPAMIENTO DE LA UNIDAD DEPORTIVA No. 78 PLAZA VECINAL ARANDAS EN EL MUNICIPIO DE GUADALAJARA, JALISCO.",.,Zona 1: Centro,10409913.44,obraDetalle.php?id_obra=16FEDZ04096,"Construcciones Levisa, S.A. de C.V.",CLE131023270
DOP-REH-FED-FOR-LP-097-16,En proceso de Firmas,Septiembre,LICITACION PUBLICA,FEDERAL,Pavimentos,"PAVIMENTACION CON CONCRETO HIDRAULICO Y OBRAS INDUCIDAS DE LA CALLE LONGINOS CADENA, INCLUYE GUARNICIONES, BANQUETAS, RED DE AGUA POTABLE Y ALCANTARILLADO, ALUMBRADO PUBLICO EN LA COLONIA LOMAS DE POLANCO, MUNICIPIO DE GUADALAJARA, JALISCO.",.,Zona 7: Cruz del Sur,7165706.33,obraDetalle.php?id_obra=16REHZ07097,Pavimentos Industriales y Urbanizaciones S.A. de C.V.,PIU790912MS1
DOP-REH-FED-FOR-LP-098-16,En proceso de Firmas,Septiembre,LICITACION PUBLICA,FEDERAL,Pavimentos,"PAVIMENTACION CON CONCRETO HIDRAULICO Y OBRAS INDUCIDAS DE LA CALLE OTHON BLANCO, INCLUYE GUARNICIONES, BANQUETAS, RED DE AGUA POTABLE Y ALCANTARILLADO, ALUMBRADO PUBLICO EN LA COLONIA LOMAS DE POLANCO, MUNICIPIO DE GUADALAJARA, JALISCO.",.,Zona 7: Cruz del Sur,9774810.73,obraDetalle.php?id_obra=16REHZ07098,"Servicios Constructivos e Ingenieria, S.A. de C.V.",SCI0003011Z5
DOP-CON-FED-MUS-LP-099-16,En proceso de Firmas,Septiembre,LICITACION PUBLICA,FEDERAL,Museos,"CONSTRUCCION DEL MUSEO DE ARTE MODERNO Y CONTEMPORANEO, 4TA ETAPA, MUNICIPIO DE GUADALAJARA, JALISCO.",.,Zona 3: Huentitán,36156316.79,obraDetalle.php?id_obra=16MUSZ04099,Grupo Elizaar Elizaar S.A. de C.V.,GEE0012153I0
DOP-CON-FED-MUS-LP-100-16,En proceso de Firmas,Septiembre,LICITACION PUBLICA,FEDERAL,Museos,"CONSTRUCCION DEL MUSEO DE ARTE MODERNO Y CONTEMPORANEO, (AEREAS EXTERIORES), MUNICIPIO DE GUADALAJARA, JALISCO.",.,Zona 3: Huentitán,6597672.06,obraDetalle.php?id_obra=16MUSZ04100,Bufete Arquitectonico S.A. de C.V.,BAR710430CT1
DOP-REH-FED-FOR-CI-101-16,En proceso de Firmas,Septiembre,"CONCURSO INVITACION                    



Invitaciones",FEDERAL,Unidad Deportiva,"REHABILITACION Y EQUIPAMIENTO DE LA UNIDAD DEPORTIVA No. 34 LUIS PEREZ PICHOJOS EN EL MUNICIPIO DE GUADALAJARA, JALISCO.",.,Zona 1: Centro,4565956.07,obraDetalle.php?id_obra=16REHZ01101,"UJTAIS, S.A. de C.V.",UJT080924U4A
DOP-REH-MUN-SAL-CI-102-16,En proceso de Firmas,Septiembre,"CONCURSO INVITACION                    



Invitaciones",APORTACION FEDERAL RAMO 33,"Salud ( Centros de, Unidades Medicas )","REHABILITACIÓN DE LA UNIDAD MEDICA ""DR. ERNESTO ARIAS"", COL. LAS CONCHAS, MUNICIPIO DE GUADALAJARA, JALISCO.",.,Zona 1: Centro,7696255.62,obraDetalle.php?id_obra=16REHZ01102,Grupo Losa Electricidad y Asfalto S.A. de C.V.,GLE0812162E9
DOP-REH-MUN-SAL-AD-103-16,En proceso de Firmas,Septiembre,ASIGNACION DIRECTA,APORTACION FEDERAL RAMO 33,"Salud ( Centros de, Unidades Medicas )","'REHABILITACIÓN DE LA UNIDAD PREHOSPITALARIA MEDICA IGNACIO ALLENDE, COL. HERMOSA PROVINCIA, MUNICIPIO DE GUADALAJARA, JALISCO.",.,Zona 6: Tetlán,1819946.42,obraDetalle.php?id_obra=16REHZ06103,Ing. Alfredo Flores Chávez,FOCA830904HT8
DOP-CON-MUN-PAV-CI-104-16,En proceso de Firmas,Septiembre,"CONCURSO INVITACION                    



Invitaciones",APORTACION FEDERAL RAMO 33,Pavimentos,"CONSTRUCCIÓN DE LA RED DE AGUA POTABLE, ALCANTARILLADO Y PAVIMENTO DE CALLES EN LA COLONIA LOMAS DEL GALLO, MUNICIPIO DE GUADALAJARA, JALISCO.",.,Zona 6: Tetlán,5263395.45,obraDetalle.php?id_obra=16PAVZ06104,Construbravo S.A. de C.V.,CON020208696
DOP-REH-MUN-SAL-CI-105-16,En proceso de Firmas,Septiembre,"CONCURSO INVITACION                    



Invitaciones",APORTACION FEDERAL RAMO 33,"Salud ( Centros de, Unidades Medicas )","REHABILITACIÓN DE LA UNIDAD MEDICA ""DR. JESÚS DELGADILLO ARAUJO"", COL. ALCALDE BARRANQUITAS (QUIROFANOS, CEYE, URGENCIAS, CUARTO DE MÁQUINAS Y CONSTRUCCIÓN DE BAÑOS), MUNICIPIO DE GUADALAJARA, JALISCO.",.,Zona 1: Centro,7087674.34,obraDetalle.php?id_obra=16REHZ01105,"Grucon de Occidente, S.A. de C.V.",GOC1205232H3
DOP-REH-MUN-SAL-AD-106-16,En proceso de Firmas,Septiembre,ASIGNACION DIRECTA,APORTACION FEDERAL RAMO 33,"Salud ( Centros de, Unidades Medicas )","REHABILITACION DE LA UNIDAD MEDICA "" DR. LEONARDO OLIVA"", COL. JARDINES DE LA CRUZ ( CUARTO DE MAQUINAS, BANQUETAS, MURO PERIMETRAL, IMPERMEABILIZACION DEL EDIFICIO, PINTURA EN FACHADA Y AREA EXTERIOR) MUNICIPIO DE GUADALAJARA, JALISCO.",.,Zona 7: Cruz del Sur,2821898.72,obraDetalle.php?id_obra=16REHZ07106,Ing. Veronica Bermudez Torres,BETV600515U89
DOP-REH-MUN-SAL-CI-107-16,En proceso de Firmas,Septiembre,"CONCURSO INVITACION                    



Invitaciones",APORTACION FEDERAL RAMO 33,"Salud ( Centros de, Unidades Medicas )","REHABILITACIÓN DE LA UNIDAD MEDICA ""DR. MARIO RIVAS SOUZA"", COL. SANTA ISABEL, MUNICIPIO DE GUADALAJARA, JALISCO.",.,Zona 3: Huentitán,6625719.85,obraDetalle.php?id_obra=16REHZ03107,Constructora Monte S.A. de C.V.,CMO831020VC3
DOP-REH-MUN-SAL-AD-108-16,En proceso de Firmas,Septiembre,ASIGNACION DIRECTA,APORTACION FEDERAL RAMO 33,"Salud ( Centros de, Unidades Medicas )","REHABILITACIÓN DE LA UNIDAD PREHOSPITALARIA MEDICA BENITO JUÁREZ, COL. POLANCO ORIENTE, MUNICIPIO DE GUADALAJARA, JALISCO.",.,Zona 7: Cruz del Sur,1893508.7,obraDetalle.php?id_obra=16REHZ07108,Constructora Vico S.A. de C.V.,CVI980213UM6
DOP-REH-MUN-SAL-AD-109-16,En proceso de Firmas,Septiembre,ASIGNACION DIRECTA,APORTACION FEDERAL RAMO 33,"Salud ( Centros de, Unidades Medicas )","REHABILITACIÓN DE LA UNIDAD PREHOSPITALARIA MEDICA PRISCILIANO SÁNCHEZ, COL. OBLATOS, MUNICIPIO DE GUADALAJARA, JALISCO.",.,Zona 4: Oblatos,1400510.61,obraDetalle.php?id_obra=16REHZ04109,Divicon S.A. de C.V.,DIV010905510
DOP-REH-MUN-SAL-AD-110-16,En proceso de Firmas,Septiembre,ASIGNACION DIRECTA,APORTACION FEDERAL RAMO 33,"Salud ( Centros de, Unidades Medicas )","REHABILITACIÓN DE LA UNIDAD MEDICA ""DR. FRANCISCO RUIZ SANCHEZ"", COL. LAS LOMAS, MUNICIPIO DE GUADALAJARA, JALISCO .",.,Zona 5: Olímpica,2892056.38,obraDetalle.php?id_obra=16REHZ03110,Sr. Omar Soto Ayala,SOAO7004223D0
DOP-REH-MUN-SAL-CI-111-16,En proceso de Firmas,Septiembre,"CONCURSO INVITACION                    



Invitaciones",APORTACION FEDERAL RAMO 33,"Salud ( Centros de, Unidades Medicas )","REHABILITACIÓN DE LA UNIDAD MEDICA ""DR. LEONARDO OLIVA"", COL. JARDINES DE LA CRUZ (QUIROFANO, SELLE, CONSULTORIOS, ENCAMADOS, SALA DE ESPERA, LABORATORIO E INTERIOR DEL EDIFICIO), MUNICIPIO DE GUADALAJARA, JALISCO.",.,Zona 7: Cruz del Sur,5232552.16,obraDetalle.php?id_obra=16REHZ07111,"Constructora Ikaboss, S.A. de C.V.",CIK131016KYA
DOP-REH-MUN-SAL-CI-112-16,En proceso de Firmas,Septiembre,"CONCURSO INVITACION                    



Invitaciones",APORTACION FEDERAL RAMO 33,"Salud ( Centros de, Unidades Medicas )","REHABILTACIÓN DE LA UNIDAD MEDICA ""DR. JESÚS DELGADILLO ARAUJO"", COL. BARRANQUITAS (EDIFICIO DE COMUNICACIÓN Y EDIFICIO DE CUERPO MOTORIZADO), MUNICIPIO DE GUADALAJARA, JALISCO.",.,Zona 1: Centro,4732065.15,obraDetalle.php?id_obra=16REHZ01112,"Manjarrez Urbanizaciones, S.A. de C.V.",MUR090325P33
DOP-REH-MUN-COM-AD-114-16,En proceso de Firmas,Septiembre,ASIGNACION DIRECTA,APORTACION FEDERAL RAMO 33,Centros de Desarrollo Comunitario,"AMPLIACIÓN DEL COMEDOR COMUNITARIO #4 EN EL CENTRO DE DESARROLLO COMUNITARIO, EN LA COLONIA RANCHO NUEVO Y EL COMEDOR COMUNITARIO # 12 EN EL CENTRO DE DESARROLLO COMUNITARIO, EN LA COLONIA BALCONES DE OBLATOS,  TRABAJOS CONSISTENTES EN PISOS, JARDINERIA,",.,Zona 4: Oblatos,658044.54,obraDetalle.php?id_obra=16REHZ04114,Desarrollos Vicsa S.A. de C.V.,DVI0903301U3
DOP-REH-EST-MER-CI-115-16,En proceso de Firmas,Septiembre,"CONCURSO INVITACION                    



Invitaciones",ESTATAL,Mercados,"SUMINISTRO E INSTALACIÓN DE SISTEMA FOTOVOLTAICO EN EL ""MERCADO CORONA"", EN LA ZONA 1 CENTRO DEL MUNICIPIO DE GUADALAJARA, JALISCO.",.,Zona 1: Centro,4900000.0,obraDetalle.php?id_obra=16REHZ01115,"Enerval Sustentable, S.A. de C.V.",EEE090806320
DOP-RES-MUN-PRO-AD-116-16,En proceso de Firmas,Septiembre,ASIGNACION DIRECTA,MUNICIPAL,Obras Varias Rehabilitación,"TRABAJOS DE CONSERVACIÓN Y RESTAURACIÓN DE PEDESTAL (BASA Y PODIO) DE LA ESCULTURA ""LA MINERVA"" UBICADA EN LA ZONA 2 (MINERVA), DEL MUNICIPIO DE GUADALAJARA, JALISCO.",.,Zona 2: Minerva,2202728.43,obraDetalle.php?id_obra=16RESZ2116,C. Karla Alicia Jauregui Arreola,JAAK82012393A
DOP-CON-EST-PAV-CI-119-16,En proceso de Firmas,Septiembre,"CONCURSO INVITACION                    



Invitaciones",ESTATAL,Pavimentos,"PAVIMENTACIÓN CON CONCRETO HIDRÁULICO Y OBRAS INDUCIDAS DE LA CALLE LUIS COVARRUBIAS ENTRE AV. 8 DE JULIO A CALLE MANUEL AVELEYRA Y DE LA TORRE, ZONA MIRAVALLE, ETAPA 1, MUNICIPIO DE GUADALAJARA, JALISCO.",.,Zona 7: Cruz del Sur,4149457.47,obraDetalle.php?id_obra=16PAVZ07119,Duran Jimenez Arquitectos y Asociados S.A. de C.V.,DJA9405184G7
DOP-REH-MUN-PRO-AD-130-16,En proceso de Firmas,Septiembre,ASIGNACION DIRECTA,MUNICIPAL,Bacheo y Pavimentos,"SUMINISTRO DE COLOCACIÓN DE BACHEO PREVENTIVO Y CORRECTIVO DE PAVIMENTOS MEDIANTE EL USO DEL METODO DE APLICACIÓN DE MEZCLA ASFALTICA EN FRIO A TRAVES DE PRESION NEUMATICA, FRENTE 2, MUNICIPIO DE GUADALAJARA, JALISCO.",.,Zona 1: Centro,2836377.48,obraDetalle.php?id_obra=16REHVZ130,"Green Patcher México, S. de R.L. de C.V.",ISA071206P64
DOP-EYP-MUN-PRO-CI-024-16,En proceso de Firmas,Agosto,"CONCURSO INVITACION                    



Invitaciones",MUNICIPAL,Estudios y Proyectos ( Proyecto ),"ELABORACIÓN DE PROYECTOS CONCEPTUALES DE IMAGEN URBANA EN ESPACIOS CERRADOS EN EL MUNICIPIO DE GUADALAJARA, JALISCO.",.,Zona 1: Centro,4820084.23,obraDetalle.php?id_obra=16EYPVZ024,Espacio Diseño y Construcción S.A. de C.V.,EDC010614NU3
DOP-REH-MUN-MER-AD-039-16,En proceso de Firmas,Agosto,ASIGNACION DIRECTA,MUNICIPAL,Mercados,"REHABILITACIÓN DE INSTALACIÓN ELÉCTRICA PARA EL MERCADO ""INDEPENDENCIA"", EN LA COL. INDEPENDENCIA DE LA ZONA 3 HUENTITAN, DEL MUNICIPIO DE GUADALAJARA, JALISCO.",.,Zona 3: Huentitán,1647652.3,obraDetalle.php?id_obra=16REHZ03039,Ime Servicios y Suministros S.A. de C.V.,ISS920330811
DOP-REH-MUN-MER-AD-042-16,En proceso de Firmas,Agosto,ASIGNACION DIRECTA,MUNICIPAL,Mercados,"REHABILITACIÓN DE INSTALACIÓN ELÉCTRICA PARA EL MERCADO ""FRANCISCO VILLA"",  EN LA COL. BLANCO Y CUELLAR DE LA ZONA 5 OLÍMPICA, DEL MUNICIPIO DE GUADALAJARA, JALISCO.",.,Zona 5: Olímpica,1889786.18,obraDetalle.php?id_obra=16REHZ05042,Urbanizaciones y Edificaciones Loro S.A. de C.V.,UEL0304241V6
DOP-REH-MUN-MER-AD-044-16,En proceso de Firmas,Agosto,ASIGNACION DIRECTA,MUNICIPAL,Mercados,"REHABILITACIÓN DE INSTALACIÓN ELÉCTRICA PARA EL MERCADO ""PLUTARCO ELÍAS CALLES"", EN LA COL. SAN ISIDRO DE LA ZONA 4 OBLATOS, DEL MUNICIPIO DE GUADALAJARA, JALISCO.",.,Zona 5: Olímpica,1406774.7,obraDetalle.php?id_obra=16REHZ04044,Capacitores y Electrosistemas Industriales S.A. de C.V.,CEI021216U57
DOP-REH-MUN-PRO-CI-073-16,En proceso de Firmas,Agosto,"CONCURSO INVITACION                    



Invitaciones",MUNICIPAL,Alumbrado Público,"RENOVACIÓN DE LA CALLE ZARAGOZA ENTRE CALLE INDEPENDENCIA E HIDALGO, ALUMBRADO DE LA CALLE SANTA MÓNICA E INDEPENDENCIA, ZONA 1 CENTRO, DEL MUNICIPIO DE GUADALAJARA, JALISCO.",.,Zona 1: Centro,4099744.71,obraDetalle.php?id_obra=16REHZ01073,"Aldsanbm Constructora, S.A. de C.V.",ACO070606CY5
DOP-PAV-MUN-PRO-CI-082-16,En proceso de Firmas,Agosto,"CONCURSO INVITACION                    



Invitaciones",MUNICIPAL,Pavimentos,"PAVIMENTACIÓN CON CONCRETO HIDRÁULICO Y COLECTOR DEL CRUCERO DE AV. LÁZARO CÁRDENAS Y AV. 18 DE MARZO, EN LA ZONA 7 (CRUZ DEL SUR), MUNICIPIO DE GUADALAJARA, JALSICO",.,Zona 7: Cruz del Sur,6729898.19,obraDetalle.php?id_obra=16PAVZ07082-1,Aspavi S.A. de C.V.,ASP100215RH9
DOP-IHS-MUN-PRO-CI-083-16,En proceso de Firmas,Agosto,"CONCURSO INVITACION                    



Invitaciones",MUNICIPAL,Infraestructura Hidrosanitaria,"CONSTRUCCIÓN DE LA DESCARGA DEL CANAL PLUVIAL PARA REGULACIÓN Y CONTROL DE AVENIDAS, EN LA AV. PLUTARCO ELÍAS CALLES EN SU CRUCE CON AV. JOSÉ MARÍA IGLESIAS EN LA ZONA 4 (OBLATOS), MUNICIPIO DE GUADALAJARA, JALISCO.",.,Zona 4: Oblatos,5823285.8,obraDetalle.php?id_obra=16IHSZ04083,"Ingenieria y Edificaciones Lec, S.A. de C.V.",IEL101130SI0
DOP-REH-MUN-PRO-CI-084-16,En proceso de Firmas,Agosto,"CONCURSO INVITACION                    



Invitaciones",MUNICIPAL,Obras Varias Construcción,"RENOVACIÓN INTEGRAL E IMAGEN URBANA EN UNIDADES HABITACIONALES Y ÁREAS COMUNES, ETAPA 1, FRENTE 1 EN VARIAS COLONIAS DEL MUNICIPIO DE GUADALAJARA, JALISCO",.,Zona 1: Centro,6214495.59,obraDetalle.php?id_obra=16REHVZ084,Desarrolladores Marsol S.A. de C.V.,DMA0803144J1
DOP-REH-MUN-PRO-CI-085-16,En proceso de Firmas,Agosto,"CONCURSO INVITACION                    



Invitaciones",MUNICIPAL,Obras Varias Construcción,"RENOVACIÓN INTEGRAL E IMAGEN URBANA EN UNIDADES HABITACIONALES Y ÁREAS COMUNES, ETAPA 1, FRENTE 2 EN VARIAS COLONIAS DEL MUNICIPIO DE GUADALAJARA, JALISCO.",.,Zona 1: Centro,6188337.6,obraDetalle.php?id_obra=16REHVZ085,"Daca Constructora, S.A. de C.V.",DCO100827QB4
DOP-REH-MUN-PRO-AD-087-16,En proceso de Firmas,Agosto,ASIGNACION DIRECTA,MUNICIPAL,Bacheo y Pavimentos,"SUMINISTRO Y COLOCACIÓN DE BACHEO PREVENTIVO Y CORRECTIVO DE PAVIMENTOS MEDIANTE EL USO DEL METODO DE APLICACIÓN DE MEZCLA ASFÁLTICA EN FRIO A TRAVÉS DE PRESIÓN NEUMATICA, FRENTE 1 MUNICIPIO DE GUADALAJARA, JALISCO.",.,Zona 1: Centro,2805066.34,obraDetalle.php?id_obra=16REHVZ087,"Green Patcher México, S. de R.L. de C.V.",ISA071206P64
DOP-REH-MUN-MER-AD-088-16,En proceso de Firmas,Agosto,ASIGNACION DIRECTA,MUNICIPAL,Mercados,"REHABILITACIÓN DE INSTALACIÓN ELÉCTRICA PARA EL MERCADO ""PEDRO VELEZ"", EN LA COL. SAN MARCOS DE LA ZONA 4 OBLATOS, DEL MUNICIPIO DE GUADALAJARA, JALISCO.",.,Zona 4: Oblatos,1185169.23,obraDetalle.php?id_obra=16REHZ04088,"Ingenieria Mécanica Eléctrica, S.A. de C.V.",IME0308051U7
DOP-CON-MUN-PRO-AD-089-16,En proceso de Firmas,Agosto,ASIGNACION DIRECTA,MUNICIPAL,Obras Varias Construcción,"CONSTRUCCIÓN DE AREA DE RECREACIÓN PARA LAS PERSONAS DE LA TERCERA EDAD EN MODULO DE POLICIA, UBICADO EN LA CALLE PEDRO CIPRES Y ARQUITECTURA EN LA COL. MIRAVALLE DE LA ZONA 7 CRUZ DEL SUR, DEL MUNICIPIO DE GUADALAJARA, JALISCO.",.,Zona 7: Cruz del Sur,926750.09,obraDetalle.php?id_obra=16CONZ07089,Lakay Construcciones S.A. de C.V.,LCO110719FD1
DOP-EYP-MUN-PRO-CI-090-16,En proceso de Firmas,Agosto,"CONCURSO INVITACION                    



Invitaciones",MUNICIPAL,Estudios y Proyectos ( Proyecto ),"ELABORACIÓN DE PROYECTOS CONCEPTUALES PARA DIFERENTES ACCIONES DEPENDIENTES DE LA DIRECCIÓN DEL ESPACIO PÚBLICO, FRENTE 1, MUNICIPIO DE GUADALAJARA, JALISCO.",.,Zona 1: Centro,5464660.01,obraDetalle.php?id_obra=16EYPVZ090,Construcciones Citus S.A. de C.V.,CCI020411HS5
DOP-REH-EST-PRO-CI-091-16,En proceso de Firmas,Agosto,"CONCURSO INVITACION                    



Invitaciones",ESTATAL,Obras Varias Rehabilitación,"REHABILITACIÓN DEL BOSQUE LOS COLOMOS SEGUNDA ETAPA, (ESTACIONAMIENTO, ARCO DE INGRESO, SENDEROS,  CASETA DE INGRESO DE PATRIA Y CHACO Y MUROS DE  CONTENCION) EN LA ZONA 2 MINERVA DEL MUNICIPIO DE   GUADALAJARA, JALISCO.",.,Zona 2: Minerva,4803047.48,obraDetalle.php?id_obra=16REHZ02091,"GVA Desarrollos Integrales, S.A. de .C.V",GDI020122D2A
DOP-EYP-MUN-PRO-AD-019-16,En proceso de Firmas,Julio,ASIGNACION DIRECTA,MUNICIPAL,Estudios y Proyectos ( Proyecto ),"ESTUDIOS DE TOPOGRAFÍA PARA DIFERENTES PROYECTOS DEL PROGRAMA 2016, EN EL MUNICIPIO DE GUADALAJARA, JALISCO.",.,Zona 1: Centro,1933197.9,obraDetalle.php?id_obra=16EYPVZ019,Ing. José de Jesús Orozco Hernández,OOHJ65042251A
DOP-EYP-MUN-PRO-AD-023-16,En proceso de Firmas,Julio,ASIGNACION DIRECTA,MUNICIPAL,Estudios y Proyectos ( Proyecto ),"ELABORACIÓN DE PROYECTOS CONCEPTUALES DE IMAGEN URBANA EN ACCESO DE CALLES PRINCIPALES, ESPACIOS URBANOS PÚBLICOS, VIALIDADES, MERCADOS Y PLAZAS EN EL MUNICIPIO DE GUADALAJARA, JALISCO.",.,Zona 1: Centro,2420485.0,obraDetalle.php?id_obra=16EYPVZ023,Acar Obras y Proyectos S.A. de C.V.,AOP071220PP2
DOP-CON-EST-CZM-LP-028-16,En proceso de Firmas,Julio,LICITACION PUBLICA,ESTATAL,Obras Varias Rehabilitación,"RENOVACIÓN URBANA DEL BARRIO DE MEXICALTZINGO SEGUNDA ETAPA, FRENTE 1, EN EL MUNICIPIO DE GUADALAJARA, JALISCO.",.,Zona 1: Centro,5769144.86,obraDetalle.php?id_obra=16CONZ01028,Grupo Promotor y Constructor de Occidente S.A. de C.V.,GPC0610136X6
DOP-CON-EST-CZM-LP-029-16,En proceso de Firmas,Julio,LICITACION PUBLICA,ESTATAL,Obras Varias Rehabilitación,"RENOVACIÓN URBANA DEL BARRIO DE MEXICALTZINGO SEGUNDA ETAPA, FRENTE 2, EN EL MUNICIPIO DE GUADALAJARA, JALISCO.",.,Zona 1: Centro,6208951.6,obraDetalle.php?id_obra=16CONZ01029,"SJ Lagos Constructora e Inmobiliaria, S.A. de C.V.",SLC090211283
DOP-REH-MUN-MER-AD-036-16,En proceso de Firmas,Julio,ASIGNACION DIRECTA,MUNICIPAL,Mercados,"REHABILITACIÓN DE INSTALACIÓN ELÉCTRICA PARA EL MERCADO ""MEZQUITAN"", EN LA COL. LA NORMAL DE LA ZONA 1 CENTRO, DEL MUNICIPIO DE GUADALAJARA, JALISCO.",.,Zona 1: Centro,1556772.23,obraDetalle.php?id_obra=16REHZ01036,"SEI Grupo Constructor, S.A. de C.V.",SGC080530DK7
DOP-REH-MUN-MER-AD-041-16,En proceso de Firmas,Julio,ASIGNACION DIRECTA,MUNICIPAL,Mercados,"REHABILITACIÓN DE INSTALACIÓN ELÉCTRICA PARA EL MERCADO ""IGNACIO ALDAMA"", EN LA COL. MEDRANO DE LA ZONA 5 OLÍMPICA, DEL MUNICIPIO DE GUADALAJARA, JALISCO.",.,Zona 5: Olímpica,2031286.78,obraDetalle.php?id_obra=16REHZ05041,Ing. Alejandro Arturo Aviña Gómez,AIGA661111LX3
DOP-REH-MUN-MER-AD-043-16,En proceso de Firmas,Julio,ASIGNACION DIRECTA,MUNICIPAL,Mercados,"REHABILITACIÓN DE INSTALACIÓN ELÉCTRICA PARA EL MERCADO ""ÁLVARO OBREGÓN"", EN LA COL. SAN MARCOS DE LA ZONA 4 OBLATOS, DEL MUNICIPIO DE GUADALAJARA, JALISCO.",.,Zona 4: Oblatos,1314187.95,obraDetalle.php?id_obra=16REHZ04043-16,Constructora Bauer S.A. de C.V.,CBA910123TDA
DOP-REH-MUN-MER-AD-045-16,En proceso de Firmas,Julio,ASIGNACION DIRECTA,MUNICIPAL,Mercados,"REHABILITACIÓN DE INSTALACIÓN ELÉCTRICA PARA EL MERCADO ""SAN JACINTO"", EN LA COL. SAN ANDRÉS DE LA ZONA 6 TETLAN, DEL MUNICIPIO DE GUADALAJARA, JALISCO.",.,Zona 6: Tetlán,2566616.85,obraDetalle.php?id_obra=16REHZ06045,"Jal Construcciones, S.A. de C.V.",JCO961129KH2
DOP-CON-EST-CZM-CI-055-16,En proceso de Firmas,Julio,"CONCURSO INVITACION                    



Invitaciones",ESTATAL,Unidad Deportiva,"'2° ETAPA RENOVACIÓN INTEGRAL DE LA UNIDAD 18 DE MARZO FRENTE 1, UBICADA EN LA ZONA 5 OLIMPICA, EN EL MUNICIPIO DE GUADALAJARA, JALISCO.",.,Zona 5: Olímpica,5082528.47,obraDetalle.php?id_obra=16ESTZ05055,"Ingenieros Pavimentos, S.A. de C.V.",IPA151104DX8
DOP-CON-EST-CZM-LP-060-16,En proceso de Firmas,Julio,LICITACION PUBLICA,ESTATAL,Parques,"2° ETAPA RENOVACIÓN INTEGRAL DEL PARQUE ALCALDE FRENTE 2, UBICADO EN LA ZONA 1 CENTRO EN EL MUNICIPIO DE GUADALAJARA, JALISCO.",.,Zona 1: Centro,6059637.39,obraDetalle.php?id_obra=16CONZ01060,"Servicios Constructivos e Ingenieria, S.A. de C.V.",SCI0003011Z5
DOP-CON-EST-CZM-LP-061-16,En proceso de Firmas,Julio,LICITACION PUBLICA,ESTATAL,Parques,"2° ETAPA RENOVACIÓN INTEGRAL DEL PARQUE ALCALDE FRENTE 3, UBICADO EN LA ZONA 1 CENTRO EN EL MUNICIPIO DE GUADALAJARA, JALISCO.",.,Zona 1: Centro,5463366.27,obraDetalle.php?id_obra=16conz01061,Grupo Irlanda S.A de C.V.,GIR031020-AK3
DOP-CON-EST-CZM-LP-063-16,En proceso de Firmas,Julio,LICITACION PUBLICA,ESTATAL,Parques,"2° ETAPA RENOVACIÓN INTEGRAL DEL PARQUE ALCALDE FRENTE 5, UBICADO EN LA ZONA 1 CENTRO EN EL MUNICIPIO DE GUADALAJARA, JALISCO.",.,Zona 1: Centro,4500607.68,obraDetalle.php?id_obra=16CONZ01063,Servicios Profesionales y Construcción Méndez Martínez S.A. de C.V.,SPC071105S59
DOP-CON-EST-CZM-LP-065-16,En proceso de Firmas,Julio,LICITACION PUBLICA,ESTATAL,Obras Varias Rehabilitación,"PRIMERA ETAPA RENOVACIÓN URBANA DEL CORREDOR AVENIDA MEXICO, UBICADO EN LA ZONA 2 MINERVA, EN EL MUNICIPIO DE GUADALAJARA, JALISCO.",.,Zona 2: Minerva,24639999.94,obraDetalle.php?id_obra=16CONZ02065,Keops Ingenieria y Construccion S.A. de C.V.,KIC040617JIA
DOP-REH-MUN-MER-AD-068-16,En proceso de Firmas,Julio,ASIGNACION DIRECTA,MUNICIPAL,Mercados,"REHABILITACIÓN DE INSTALACIÓN ELECTRICA PARA EL MERCADO ""SANTOS DEGOLLADO"", UBICADO EN LA COL. LOMAS DE POLANCO DE LA ZONA 7 CRUZ DEL SUR, DEL MUNICIPIO DE GUADALAJARA, JALISCO.",.,Zona 7: Cruz del Sur,1606726.05,obraDetalle.php?id_obra=16REHZ07068,Former Grupo Constructor S.A. de C.V.,FGC070201HGA
DOP-ESP-MUN-PRO-CI-069-16,En proceso de Firmas,Julio,"CONCURSO INVITACION                    



Invitaciones",MUNICIPAL,Obras Varias Rehabilitación,"TRABAJOS COMPLEMENTARIOS DE REHABILITACIÓN, ILUMINACIÓN Y ACABADOS DE LA FUENTE DANZARINAS, UBICADA EN LA PLAZA TAPATÍA PRIMER CUADRO DEL CENTRO HISTÓRICO DE LA CIUDAD, DE LA ZONA 1 CENTRO, DEL MUNICIPIO DE GUADALAJARA, JALISCO.",.,Zona 1: Centro,3699255.22,obraDetalle.php?id_obra=16ESPZ01069,"Expekta Construcciones, S.A. de C.V.",ECO0905228P5
DOP-REH-MUN-PRO-AD-070-16,En proceso de Firmas,Julio,ASIGNACION DIRECTA,MUNICIPAL,Unidad Deportiva,"SUSTITUCIÓN DE BARDA PERIMETRAL EN LA UNIDAD DEPORTIVA ""TALPITA"", UBICADA EN LA COL. POPULAR DE LA ZONA 5 OLÍMPICA, DEL MUNICIPIO DE GUADALAJARA, JALISCO.",.,Zona 5: Olímpica,2198224.97,obraDetalle.php?id_obra=16REHZ05070,Construcciones Trocadero S.A. de C.V.,CTR050202AKA
DOP-REH-MUN-PRO-AD-071-16,En proceso de Firmas,Julio,ASIGNACION DIRECTA,MUNICIPAL,Pavimentos,"REPAVIMENTACIÓN DE LA CALLE JOSÉ MA.CASTILLEROS EN LA COLONIA POLANCO Y LA CALLE NORUEGA EN LA COLONIA MODERNA, MUNICIPIO DE GUADALAJARA, JALISCO.",.,Zona 1: Centro,700445.17,obraDetalle.php?id_obra=16REHZ05071,"Pared Urbana, S.A. de C.V.",PUR071001L23
DOP-CON-MUN-PRO-AD-072-16,En proceso de Firmas,Julio,ASIGNACION DIRECTA,MUNICIPAL,Obras Varias Construcción,"CONSTRUCCIÓN DE MURO DE CONTENCIÓN Y PLAZOLETA EN LA AVENIDA MALECÓN, UBICADO EN LA ZONA 6 TETLAN, DEL MUNICIPIO DE GUADALAJARA, JALISCO.",.,Zona 6: Tetlán,970891.34,obraDetalle.php?id_obra=16CONZ06072,"Karol Urbanizaciones y Construcciones, S.A. de C.V.",KUC070424344
DOP-EQP-MUN-PRO-AD-075-16,En proceso de Firmas,Julio,ASIGNACION DIRECTA,MUNICIPAL,Obras Varias Equipamiento,"OBRAS COMPLEMENTARIAS PARA LA TERMINACIÓN DE BASE GAMAS Y EQUIPAMIENTO, UBICADO EN LA COL. LA MODERNA EN LA ZONA 1 CENTRO, DEL MUNICIPIO DE GUADALAJARA, JALISCO.",.,Zona 1: Centro,1664516.57,obraDetalle.php?id_obra=16EQPZ1075,Desarrollos Casavi S.A. de C.V.,DCA110131TY7
DOP-EYP-MUN-PRO-CI-076-16,En proceso de Firmas,Julio,"CONCURSO INVITACION                    



Invitaciones",MUNICIPAL,Estudios y Proyectos ( Trabajo ),"SUPERVISIÓN TÉCNICA Y ADMINISTRATIVA DE LA CONSTRUCCIÓN DE DIVERSAS OBRAS FRENTE 1, EN EL MUNICIPIO DE GUADALAJARA, JALISCO.",.,Zona 1: Centro,4986831.81,obraDetalle.php?id_obra=16EYPVZ076,Corporativo Constructor Cutema S.A. de C.V.,CCT0702225I5
DOP-REH-MUN-ESC-CI-077-16,En proceso de Firmas,Julio,"CONCURSO INVITACION                    



Invitaciones",APORTACION FEDERAL RAMO 33,Escuelas,"REHABILITACIÓN DE ESCUELA PRIMARIA URBANA 571 LADRON DE GUEVARA CONSISTENTE EN CUBIERTA SOBRE CANCHA DE USOS MULTIPLES, EN LA COLONIA GUADALAJARA ORIENTE,  REHABILITACIÓN DE ESCUELA PRIMARIA SOR JUANA INES DE LA CRUZ CONSISTENTE EN CUBIERTA SOBRE CANCHA D",.,Zona 4: Oblatos,4819662.67,obraDetalle.php?id_obra=16REHVZ077,Lonas y Estructuras HS S.A. de C.V.,LEH110401N14
DOP-REH-MUN-ESC-CI-078-16,En proceso de Firmas,Julio,"CONCURSO INVITACION                    



Invitaciones",APORTACION FEDERAL RAMO 33,Escuelas,"REHABILITACIÓN DE ESCUELA PRIMARIA JÓSE LUIS ARREGUI CONSISTENTE EN CUBIERTA SOBRE CANCHA DE USOS MULTIPLES, EN LA COLONIA OBLATOS, REHABILITACIÓN DE ESCUELA PRIMARIA BENITO JUAREZ CONSISTENTE EN CUBIERTA SOBRE CANCHA DE USOS MULTIPLES, EN LA COLONIA REYE",.,Zona 7: Cruz del Sur,5157782.92,obraDetalle.php?id_obra=16ESCVZ078,Lonas Lorenzo S.A. de C.V.,LLO8510167J9
DOP-RES-MUN-PRO-AD-079-16,En proceso de Firmas,Julio,ASIGNACION DIRECTA,MUNICIPAL,Obras Varias Rehabilitación,"REGISTRO, ANALISIS, DIAGNOSTICO Y PROYECTO DE INTERVENCIÓN DE LA ESCULTURA ""LA MINERVA"" UBICADA EN LA ZONA 2 (MINERVA), DEL MUNICIPIO DE GUADALAJARA, JALISCO.",.,Zona 2: Minerva,1500000.0,obraDetalle.php?id_obra=16RESZ02079,C. Karla Alicia Jauregui Arreola,JAAK82012393A
DOP-RES-MUN-PRO-AD-080-16,En proceso de Firmas,Julio,ASIGNACION DIRECTA,MUNICIPAL,Obras Varias Rehabilitación,"DIAGNOSTICO, RESTAURACIÓN Y REMOZAMIENTO: DE LA FACHADA DEL EDIFICIO DE LA TESORERIA MUNICIPAL UBICADO EN LA CALLE MIGUEL BLANCO EN SU CRUCE CON CALLE COLÓN Y DE LA BALAUSTRADA DEL ARCO DEL ANTIGUO MERCADO CORONA, EN LA ZONA 1 (CENTRO), DEL MUNICIPIO DE G",.,Zona 1: Centro,2000000.0,obraDetalle.php?id_obra=16RESZ01080,Ing. Martin Rodolfo Preciado Rodríguez,PERM631018RP6
DOP-REH-MUN-JAR-AD-081-16,En proceso de Firmas,Julio,ASIGNACION DIRECTA,MUNICIPAL,Camellones,"REHABILITACIÓN DE CAMELLÓN EN AV. AMERICAS EN LA ZONA 2 (MINERVA), MUNICIPIO DE GUADALAJARA, JALISCO.",.,Zona 2: Minerva,2750805.09,obraDetalle.php?id_obra=16REHZ02081,Sr. Mario Raúl de la Mora Cuellar,MOCM780207RP2
DOP-CONT-MUN-MER-AD-086-16,En proceso de Firmas,Julio,ASIGNACION DIRECTA,MUNICIPAL,Mercados,"CONTINGENCIA EN EL MERCADO ALCALDE, TRABAJOS DE REHABILITACIÓN CONSISTENTES EN OBRAS CIVILES, REDES E INSTALACIONES DE SERVICIO, UBICACIÓN EN EL PERIMETRO DE ANGULO, LICEO, HERRERA Y CAIRO Y PINO SUAREZ EN EL CENTRO HISTORICO DE LA CIUDAD DE LA ZONA 1 C",.,Zona 1: Centro,2800000.0,obraDetalle.php?id_obra=16CONTZ01086,Sr. Ismael Salazar Alvarez,SAAI520614CC3
DOP-CONT-MUN-MER-AD-002-16,En proceso de Firmas,Junio,ASIGNACION DIRECTA,MUNICIPAL,Mercados,"CONTINGENCIA EN EL MERCADO ""SANTOS DEGOLLADO"", TRABAJOS  DE REHABILITACIÓN CONSISTENTES EN OBRAS CIVILES, REDES E INSTALACIONES DE SERVICIO, UBICACIÓN EN: LONGINOS CADENA CRUCE GUILLERMO BACA, EN LA COL. LOMAS DE POLANCO DE LA ZONA 7 CRUZ DEL SUR, MUNICIP",.,Zona 7: Cruz del Sur,3896807.28,obraDetalle.php?id_obra=16CONTZ07002,Sr. José Antonio Cuevas Briseño,CUBA5705179V8
DOP-REH-MUN-MER-AD-004-16,En proceso de Firmas,Junio,ASIGNACION DIRECTA,MUNICIPAL,Mercados,"REHABILITACIÓN EN EL MERCADO ""FRANCISCO VILLA"", UBICADO EN LA COL. BLANCO Y CUELLAR DE LA ZONA 5 OLÍMPICA, MUNICIPIO DE GUADALAJARA, JALISCO.",.,Zona 5: Olímpica,1891370.56,obraDetalle.php?id_obra=16REHZ05004-16,"Ingenieros de la Torre, S.A. de C.V.",ITO951005HY5
DOP-REH-EST-SAL-CI-006-16,En proceso de Firmas,Junio,"CONCURSO INVITACION                    



Invitaciones",ESTATAL,"Salud ( Centros de, Unidades Medicas )","REHABILITACIÓN DE LA UNIDAD DE URGENCIA MÉDICA CRUZ VERDE ""DR. FRANCISCO RUIZ SÁNCHEZ"", UBICADA EN LA COL. MEDRANO DE LA ZONA 5 OLÍMPICA, MUNICIPIO DE GUADALAJARA, JALISCO.",.,Zona 5: Olímpica,5794153.73,obraDetalle.php?id_obra=16REHZ05005,"Constructora Ikaboss, S.A. de C.V.",CIK131016KYA
DOP-REH-MUN-PRO-CI-012-16,En proceso de Firmas,Junio,"CONCURSO INVITACION                    



Invitaciones",MUNICIPAL,Unidad Deportiva,"REHABILITACIÓN DE LA UNIDAD DEPORTIVA No. 51 ""OBLATOS"",  DE LA ZONA 4 OBLATOS Y LA UNIDAD DEPORTIVA No. 13 ""MIGUEL HIDALGO"", EN LA HERMOSA PROVINCIA DE LA ZONA 6 TETLAN, EN EL MUNICIPIO DE GUADALAJARA, JALISCO.",.,Zona 4: Oblatos,5814057.1,obraDetalle.php?id_obra=16REHVZ012,SB  Ingenieros Civiles S. A. de C.V.,SIC980529I59
DOP-IHS-MUN-PRO-CI-013-16,En proceso de Firmas,Junio,"CONCURSO INVITACION                    



Invitaciones",MUNICIPAL,Infraestructura Hidrosanitaria,"LIMPIEZA, DESAZOLVE Y MANTENIMIENTO DE LOS CANALES DEL SUR, NUEVA ESPAÑA Y ARBOLEDAS DEL SUR, EN EL MUNICIPIO DE GUADALAJARA, JALISCO.",.,Zona 7: Cruz del Sur,2297632.07,obraDetalle.php?id_obra=16IHSVZ013,Sr. Regino Ruiz del Campo Medina,RUMR771116UA8
DOP-IHS-MUN-PRO-CI-014-16,En proceso de Firmas,Junio,"CONCURSO INVITACION                    



Invitaciones",MUNICIPAL,Infraestructura Hidrosanitaria,"LIMPIEZA Y DESAZOLVE DE LOS CANALES CIÉNEGA DE MATA, CANAL ENTRE MONTE SAN ELIAS Y PROL. NORMALISTAS EN RANCHO NUEVO, EN EL MUNICIPIO DE GUADALAJARA, JALISCO.",.,Zona 3: Huentitán,2278516.42,obraDetalle.php?id_obra=16IHSVZ014,"Tractomaquinaria el Troje, S.A. de C.V.",TTR020104UZ7
DOP-IHS-MUN-PRO-CI-015-16,En proceso de Firmas,Junio,"CONCURSO INVITACION                    



Invitaciones",MUNICIPAL,Infraestructura Hidrosanitaria,"HABILITACIÓN DE CUADRILLA DE EMERGENCIAS HIDRAULICAS PARA LA PREVENCION DEL TEMPORAL DE LLUVIAS, FRENTE 1, EN EL MUNICIPIO DE GUADALAJARA, JALISCO.",.,Zona 1: Centro,3062807.21,obraDetalle.php?id_obra=16IHSVZ015,Grupo Constructor Los Muros S.A. de C.V.,GCM020226F28
DOP-IHS-MUN-PRO-CI-016-16,En proceso de Firmas,Junio,"CONCURSO INVITACION                    



Invitaciones",MUNICIPAL,Infraestructura Hidrosanitaria,"HABILITACIÓN DE CUADRILLA DE EMERGENCIAS HIDRAULICAS PARA LA PREVENCION DEL TEMPORAL DE LLUVIAS, FRENTE 2, EN EL MUNICIPIO DE GUADALAJARA, JALISCO.",.,Zona 1: Centro,2629349.77,obraDetalle.php?id_obra=16IHSVZ016,"Empo Constructores, S.A. de C.V.",ECO130308NEA
DOP-EYP-MUN-PRO-CI-025-16,En proceso de Firmas,Junio,"CONCURSO INVITACION                    



Invitaciones",MUNICIPAL,Estudios y Proyectos ( Proyecto ),EVALUACIÓN SOCIOECONÓMICA DEL PROGRAMA DE AMPLIACIONES PARA PROYECTOS DE DESARROLLO REGIONAL Y FONDO PARA EL FORTALECIMIENTO DE LA INFRAESTRUCTURA ESTATAL Y MUNICIPAL INCLUIDO EN LOS ANEXOS 20.2 Y 20.3 DEL RAMO 23  PARA EL PRESUPUESTO DE EGRESOS DE LA FED,.,Zona 1: Centro,1999902.4,obraDetalle.php?id_obra=16EYPZ01025,"Corporación Rehovot, S.A. de C.V.",CRE9605303U2
DOP-CON-EST-CZM-LP-027-16,En proceso de Firmas,Junio,LICITACION PUBLICA,ESTATAL,Obras Varias Rehabilitación,"RENOVACIÓN URBANA DEL BARRIO SANTA TERE TERCERA ETAPA, EN EL MUNICIPIO DE GUADALAJARA, JALISCO.",.,Zona 1: Centro,14999999.99,obraDetalle.php?id_obra=16CONZ01027,Grupo Constructor Felca S.A. de C.V.,GCF8504255B8
DOP-CON-EST-CZM-LP-030-16,En proceso de Firmas,Junio,LICITACION PUBLICA,ESTATAL,Obras Varias Rehabilitación,"RENOVACIÓN URBANA DEL BARRIO HUENTITÁN EL ALTO TERCERA ETAPA, FRENTE 1, EN EL MUNICIPIO DE GUADALAJARA, JALISCO.",.,Zona 3: Huentitán,1779159.4,obraDetalle.php?id_obra=16CONZ03030,Edificaciones y Espacios Letco S.A. de C.V.,EEL0204268V2
DOP-CON-EST-CZM-LP-031-16,En proceso de Firmas,Junio,LICITACION PUBLICA,ESTATAL,Obras Varias Rehabilitación,"RENOVACIÓN URBANA DEL BARRIO HUENTITÁN EL ALTO TERCERA ETAPA, FRENTE 2, EN EL MUNICIPIO DE GUADALAJARA, JALISCO.",.,Zona 3: Huentitán,6220840.6,obraDetalle.php?id_obra=16CONZ03031,Galjack Arquitectos y Construcciones S.A. de C.V.,GAC051206TQ3
DOP-CON-EST-CZM-LP-032-16,En proceso de Firmas,Junio,LICITACION PUBLICA,ESTATAL,Pavimentos,"REPAVIMENTACIÓN DE CALLES SERIS Y CHICHIMECAS ENTRE AZTECAS Y ACOLHUAS EN LA COLONIA MONRAZ TERRAZAS, EN EL MUNICIPIO DE GUADALAJARA, JALISCO.",.,Zona 2: Minerva,9649999.98,obraDetalle.php?id_obra=16CONZ02032,Estructuras Construcciones y Urbanizaciones S.A. de C.V.,ECU991015221
DOP-CON-EST-CZM-LP-033-16,En proceso de Firmas,Junio,LICITACION PUBLICA,ESTATAL,Ciclovias,"MANTENIMIENTO A LA CICLO VÍA WASHINGTON E INTEGRACIÓN CON AVENIDA INGLATERRA, EN EL MUNICIPIO DE GUADALAJARA, JALISCO.",.,Zona 7: Cruz del Sur,5930000.0,obraDetalle.php?id_obra=16CONVA033,Alquimia Grupo Constructor S.A. de C.V.,AGC070223J95
DOP-REH-MUN-MER-AD-037-16,En proceso de Firmas,Junio,ASIGNACION DIRECTA,MUNICIPAL,Mercados,"REHABILITACIÓN DE INSTALACIÓN ELÉCTRICA PARA EL MERCADO ""BELISARIO DOMÍNGUEZ"", EN LA COL. BELISARIO DOMÍNGUEZ DE LA ZONA 3 HUENTITAN, DEL MUNICIPIO DE GUADALAJARA, JALISCO.",.,Zona 3: Huentitán,2170244.42,obraDetalle.php?id_obra=16REHZ03037,Ingenieria en Sistemas Electromecanicos de Occidente S.A. de C.V.,ISE8102103Z8
DOP-REH-MUN-EQP-AD-046-16,En proceso de Firmas,Junio,ASIGNACION DIRECTA,MUNICIPAL,DIF,"IMPERMEABILIZACIÓN E INSTALACIONES ELÉCTRICAS PARA EL CENTRO DE LA AMISTAD INTERNACIONAL DEL SISTEMA DIF GUADALAJARA, UBICADO EN LA COL. LADRÓN DE GUEVARA DE LA ZONA 2 MINERVA, DEL MUNICIPIO DE GUADALAJARA, JALISCO.",.,Zona 2: Minerva,977827.51,obraDetalle.php?id_obra=16REHZ02046,"Construcciones Levisa, S.A. de C.V.",CLE131023270
DOP-REH-MUN-EQP-CI-052-16,En proceso de Firmas,Junio,"CONCURSO INVITACION                    



Invitaciones",MUNICIPAL,Unidades Deportivas,"REHABILITACIÓN Y EQUIPAMIENTO DE ALBERCA EN EL PARQUE SAN RAFAEL PRIMERA ETAPA,  UBICADO EN LA COL. SAN RAFAEL DE LA ZONA 6 TETLAN, MUNICIPIO DE GUADALAJARA, JALISCO.",.,Zona 6: Tetlán,3848924.47,obraDetalle.php?id_obra=16REHZ06052,"Rivera Construcciones, S.A. de C.V.",RCO820921T66
DOP-CON-EST-CZM-LP-059-16,En proceso de Firmas,Junio,LICITACION PUBLICA,ESTATAL,Parques,"2° ETAPA RENOVACIÓN INTEGRAL DEL PARQUE ALCALDE FRENTE 1, UBICADO EN LA ZONA 1 CENTRO EN EL MUNICIPIO DE GUADALAJARA, JALISCO.",.,Zona 1: Centro,7680905.56,obraDetalle.php?id_obra=16CONZ01059,Grupo Elizaar Elizaar S.A. de C.V.,GEE0012153I0
DOP-CON-EST-CZM-LP-062-16,En proceso de Firmas,Junio,LICITACION PUBLICA,ESTATAL,Parques,"2° ETAPA RENOVACIÓN INTEGRAL DEL PARQUE ALCALDE FRENTE 4, UBICADO EN LA ZONA 1 CENTRO EN EL MUNICIPIO DE GUADALAJARA, JALISCO.",.,Zona 1: Centro,5414779.0,obraDetalle.php?id_obra=16CONZ01062,"Construcciones Levisa, S.A. de C.V.",CLE131023270
DOP-CON-EST-CZM-LP-064-16,En proceso de Firmas,Junio,LICITACION PUBLICA,ESTATAL,Parques,"2° ETAPA RENOVACIÓN INTEGRAL DEL PARQUE ALCALDE FRENTE 6, UBICADO EN LA ZONA 1 CENTRO EN EL MUNICIPIO DE GUADALAJARA, JALISCO.",.,Zona 1: Centro,8880694.08,obraDetalle.php?id_obra=16CONZ01064,Imex Construcciones S.A. de C.V.,ICO040304FY5
DOP-CON-EST-CZM-LP-066-16,En proceso de Firmas,Junio,LICITACION PUBLICA,ESTATAL,Obras Varias Rehabilitación,"2° ETAPA RENOVACIÓN URBANA DEL BARRIO DE ANALCO, UBICADO EN LA ZONA 1 CENTRO, EN EL MUNICIPIO DE GUADALAJARA, JALISCO.",.,Zona 1: Centro,9649999.96,obraDetalle.php?id_obra=16CONZ01066,Proyectos  E Insumos Industriales Jelp S.A. de C.V.,PEI020208RW0
DOP-REH-MUN-PRO-AD-067-16,En proceso de Firmas,Junio,ASIGNACION DIRECTA,MUNICIPAL,Obras Varias Rehabilitación,"REHABILITACIÓN DEL ESPACIO PÚBLICO EN IRENE ROBLEDO Y LA AV. ALCALDE, UBICADA EN LA COL. SANTA ELENA ALCALDE DE LA ZONA 3 HUENTITAN, EN EL MUNICIPIO DE GUADALAJARA, JALISCO.",.,Zona 3: Huentitán,683522.83,obraDetalle.php?id_obra=16REHZ03067,"Desarrollo Dap C,  S.A. de C.V.",DDC050127VD5
DOP-IHS-MUN-PRO-CI-017-16,En proceso de Firmas,Mayo,"CONCURSO INVITACION                    



Invitaciones",MUNICIPAL,Infraestructura Hidrosanitaria,"DESAZOLVE DE LOS VASOS REGULADORES NO. 5 DE MAYO, VALENTÍN GÓMEZ FARÍAS Y BALCONES DEL CUATRO, EN EL MUNICIPIO DE GUADALAJARA, JALISCO.",.,Zona 7: Cruz del Sur,1733858.0,obraDetalle.php?id_obra=16IHSZ07017,"Control Grade, S.A. de C.V.",CGR-100319-DT6
DOP-EYP-MUN-PRO-CI-022-16,En proceso de Firmas,Mayo,"CONCURSO INVITACION                    



Invitaciones",MUNICIPAL,Estudios y Proyectos ( Trabajo ),"DIAGNOSTICO, DISEÑO Y PROYECTOS HIDRÁULICOS DE DIFERENTES REDES DE AGUA POTABLE, ALCANTARILLADO, SANEAMIENTO Y PLUVIAL DEL PROGRAMA 2016, EN EL MUNICIPIO DE GUADALAJARA, JALISCO.",.,Zona 1: Centro,1998662.83,obraDetalle.php?id_obra=16EYPZV022,Maxrusqui Ingenieria S. A. de C.V.,MIN111216EV9
DOP-EYP-MUN-PRO-CI-026-16,En proceso de Firmas,Mayo,"CONCURSO INVITACION                    



Invitaciones",MUNICIPAL,Estudios y Proyectos ( Trabajo ),"COORDINACIÓN ADMINISTRATIVA Y JURIDICA DE LOS PROCESOS DE LICITACIÓN, CONTRATACIÓN DE LOS CONTRATOS DEL PROGRAMA 2016, EN EL MUNICIPIO DE GUADALAJARA, JALISCO.",.,Zona 1: Centro,1998724.31,obraDetalle.php?id_obra=16EYPZ01026,Demoliciones Quinto S. A. de C.V.,DQU130613S7A
DOP-REH-MUN-PRO-CI-034-16,En proceso de Firmas,Mayo,"CONCURSO INVITACION                    



Invitaciones",MUNICIPAL,Pavimentos,"REPAVIMENTACIÓN DE VIALIDADES; A) AV. UNION ENTRE AV. LA PAZ Y AV. NIÑOS HEROES, EN LA ZONA 2 MINERVA; B) HACIENDA DE LA PIEDRA ENTRE HACIENDA DE LA VENTA Y AV. PLUTARCO ELÍAS CALLES, EN LA ZONA 4 OBLATOS; C) HACIENDA LA RAJADURA ENTRE HACIENDA DE LA ERRE",.,Zona 2: Minerva,5777457.52,obraDetalle.php?id_obra=16REHVZ034,"Facility Services Depot, S.A. de C.V.",FSD120315C74
DOP-REH-MUN-EQP-CI-048-16,En proceso de Firmas,Mayo,"CONCURSO INVITACION                    



Invitaciones",MUNICIPAL,Obras Varias Rehabilitación,"REHABILITACION DE SANITARIOS DENOMINADOS ''INGRESO PATRIA'', ''PERGOLAS'', ''CABALLERIZAS'', ''EUCALIPTOS'', UBICADOS EN EL BOSQUE DE LOS COLOMOS, EN LA COL. PROVIDENCIA DE LA ZONA 2 MINERVA, EN EL MUNICIPIO DE GUADALAJARA , JALISCO.",.,Zona 2: Minerva,2978280.04,obraDetalle.php?id_obra=16OPZ2048,Constructores y Asesores de Obras S.A. de C.V.,CAO0310105I6
DOP-REH-MUN-PRO-AD-001-16,En proceso de Firmas,Abril,ASIGNACION DIRECTA,MUNICIPAL,Obras Varias Rehabilitación,"REHABILITACIÓN DE MÓDULOS DE SANITARIOS EN EL ''BOSQUE LOS COLOMOS'', UBICADO EN CHACO No.3200, EN LA COL. PROVIDENCIA DE LA ZONA 2 MINERVA, MUNICIPIO DE GUADALAJARA, JALISCO.",.,Zona 2: Minerva,636838.68,obraDetalle.php?id_obra=16REHZ02001,Costos Obras y Proyectos S.A. de C.V.,COP070220HS6
DOP-REH-MUN-ESC-AD-005-16,En proceso de Firmas,Abril,ASIGNACION DIRECTA,MUNICIPAL,Escuelas,"REHABILITACIÓN DE LA ESCUELA SECUNDARIA TECNICA No.1, TRABAJOS CONSISTENTES EN CUBIERTA SOBRE CANCHA DE BASQUET, UBICADA EN LA COL. SAN JUAN DE DIOS EN LA ZONA 1 CENTRO, MUNICIPIO DE GUADALAJARA, JALISCO.",.,Zona 1: Centro,1082760.82,obraDetalle.php?id_obra=16REHZ01005,"Tecnologos e Ingenieros Civiles, S.A. de C.V.",TIC961106DX9
DOP-REH-MUN-PAV-CI-053-16,En proceso de Firmas,Abril,"CONCURSO INVITACION                    



Invitaciones",MUNICIPAL,Mercado Abastos,"RENOVACIÓN INTEGRAL Y DE IMAGEN URBANA DE LAS PRINCIPALES CALLES  1ra ETAPA DEL POLIGONO COMPRENDIDO EN EL MERCADO DE ABASTOS, MUNICIPIO DE GUADALAJARA, JALISCO.",.,Zona 7: Cruz del Sur,5196065.46,obraDetalle.php?id_obra=16REHVA053,Infraestructura San Miguel S.A. de C.V.,ISM0112209Y5
OPG-R33-EQP-AD-C10-088/15,En proceso de Firmas,Abril,ASIGNACION DIRECTA,APORTACION FEDERAL RAMO 33,Vivienda,"MEJORAMIENTO DE VIVIENDA EN LA COLONIA RANCHO NUEVO 2DA SECCIÓN, TRABAJOS CONSISTENTES EN LA CONSTRUCCIÓN DE 6 CUARTOS PARA BAÑO, 12 CUARTOS DORMITORIO, 2 CUARTOS PARA COCINA, 2 PISOS FIRME, 6 TECHOS FIRME, 6 MUROS FIRME Y MANTENIMIENTO DE 8 TECHOS FIRME",.,Zona 3: Huentitán,1515119.92,obraDetalle.php?id_obra=15EQPVA088,Construcciones Wegebau S.A. de C.V.,CWE140922S62
DOP-REH-MUN-MER-AD-117-15,En proceso de Firmas,Abril,ASIGNACION DIRECTA,MUNICIPAL,Mercados,"OBRAS CIVILES PARA LA REHABILITACIÓN DE LA RED ELÉCTRICA E INSTALACIONES DEL MERCADO ""IRINEO PAZ"", UBICADO EN JESÚS GALINDO Y VILLA EN LA COL. JARDINES DE LA PAZ DE LA ZONA 5 OLÍMPICA, EN EL MUNICIPIO DE GUADALAJARA, JALISCO.",.,Zona 6: Tetlán,2000000.0,obraDetalle.php?id_obra=15REHZ05117,"Servicios Constructivos e Ingenieria, S.A. de C.V.",SCI0003011Z5
DOP-REH-MUN-JAR-LP-008-16,En proceso de Firmas,Febrero,LICITACION PUBLICA,MUNICIPAL,Camellones,"REHABILITACIÓN (ARBOLADO Y JARDINERIA) DE CAMELLONES, GLORIETAS Y PARQUES, FRENTE 1 EN VARIAS ZONAS DEL MUNICIPIO DE GUADALAJARA, JALISCO.",.,Zona 1: Centro,11909426.47,obraDetalle.php?id_obra=16REHVZ008,"Tralogic de Puebla, S.A. de C.V.",TPU070316ER1
DOP-REH-MUN-JAR-LP-009-16,En proceso de Firmas,Febrero,LICITACION PUBLICA,MUNICIPAL,Camellones,"REHABILITACIÓN (ARBOLADO Y JARDINERIA) DE CAMELLONES, GLORIETAS Y PARQUES, FRENTE 2 EN VARIAS ZONAS DEL MUNICIPIO DE GUADALAJARA, JALISCO.",.,Zona 1: Centro,7424107.38,obraDetalle.php?id_obra=16REHVZ009,Alquimia Grupo Constructor S.A. de C.V.,AGC070223J95
DOP-REH-MUN-JAR-LP-010-16,En proceso de Firmas,Febrero,LICITACION PUBLICA,MUNICIPAL,Camellones,"REHABILITACIÓN (ARBOLADO Y JARDINERIA) DE CAMELLONES, GLORIETAS Y PARQUES, FRENTE 3 EN VARIAS ZONAS DEL MUNICIPIO DE GUADALAJARA, JALISCO.",.,Zona 1: Centro,8373535.74,obraDetalle.php?id_obra=16REHVZ010,Aguas y Caminos de Jalisco S.A. de C.V.,ACJ050421TE3
DOP-REH-MUN-JAR-LP-011-16,En proceso de Firmas,Febrero,LICITACION PUBLICA,MUNICIPAL,Camellones,"REHABILITACIÓN (JARDINERIA Y OBRA HIDRÁULICA) DE CAMELLONES, GLORIETAS Y PARQUES, FRENTE 4 EN VARIAS ZONAS DEL MUNICIPIO DE GUADALAJARA, JALISCO.",.,Zona 1: Centro,10071696.39,obraDetalle.php?id_obra=16REHVZ011,"Servicios Constructivos e Ingenieria, S.A. de C.V.",SCI0003011Z5
OPG-OD-EQP-AD-C10-089/15,En proceso de Firmas,Febrero,ASIGNACION DIRECTA,MUNICIPAL,Edificios Municipales,"REHABILITACION INTEGRAL DEL EDIFICIO DE OBRAS PUBLICAS., MUNICIPIO DE GUADALAJARA, JALISCO.",.,Zona 1: Centro,1100000.0,obraDetalle.php?id_obra=15Z1EQP89,Ing. Veronica Bermudez Torres,BETV600515U89
DOP-MANT-MUN-PRO-CI-119-15,En proceso de Firmas,Enero,"CONCURSO INVITACION                    



Invitaciones",MUNICIPAL,Pavimentos,"REPAVIMENTACIÓN DE VIALIDADES EN CALLE FRANCISCO JAVIER GAMBOA DE CIRC. AGUSTÍN YÁÑEZ A AV. MÉXICO, EN LA ZONA 2 (MINERVA), MUNICIPIO DE GUADALAJARA, JALISCO.",.,Zona 2: Minerva,6182988.52,obraDetalle.php?id_obra=15MANTZ02119,Breysa Constructora S.A. DE C.V,BCO900423GC5
DOP-MANT-MUN-PRO-CI-120-15,En proceso de Firmas,Enero,"CONCURSO INVITACION                    



Invitaciones",MUNICIPAL,Pavimentos,"REPAVIMENTACIÓN DE VIALIDADES EN CALLE JUSTO SIERRA DE AV. AMÉRICAS A CALLE SEVERO DÍAZ, EN LA ZONA 2 (MINERVA), MUNICIPIO DE GUADALAJARA, JALISCO.",.,Zona 2: Minerva,5105557.21,obraDetalle.php?id_obra=15MANTZ02120,Sr. Ismael Salazar Alvarez,SAAI520614CC3
DOP-MANT-MUN-PRO-CI-121-15,En proceso de Firmas,Enero,"CONCURSO INVITACION                    



Invitaciones",MUNICIPAL,Pavimentos,"REPAVIMENTACIÓN DE VIALIDADES EN CALLE  AZTECAS DE AV. LOMAS ALTAS A CALLE CORAS, EN LA ZONA 2 (MINERVA), MUNICIPIO DE GUADALAJARA, JALISCO.",.,Zona 2: Minerva,3748815.87,obraDetalle.php?id_obra=15MANTZ02121,Carsa Grupo Constructor Inmobiliario S.A. de C.V.,CGC9305171D4
DOP-MANT-MUN-PRO-CI-122-15,En proceso de Firmas,Enero,"CONCURSO INVITACION                    



Invitaciones",MUNICIPAL,Pavimentos,"REPAVIMENTACIÓN DE VIALIDADES EN AV. ACUEDUCTO DE AV. PABLO NERUDA A AV. PATRIA (LIMITE MUNICIPAL), EN LA ZONA 2 (MINERVA), MUNICIPIO DE GUADALAJARA, JALISCO.",.,Zona 2: Minerva,4283345.12,obraDetalle.php?id_obra=15MANTZ02122,Desarrolladora Glar S.A. de C.V.,DGL060620SUA
DOP-MANT-MUN-PRO-CI-123-15,En proceso de Firmas,Enero,"CONCURSO INVITACION                    



Invitaciones",MUNICIPAL,Pavimentos,"REPAVIMENTACIÓN DE VIALIDADES EN CALLE LISBOA DE AV. NORMALISTAS A CALZADA INDEPENDENCIA; CALLE MONTE SAN ELIAS DE CALLE LEGALIDAD A CALLE LISBOA, EN LA ZONA 3 (HUENTITAN), MUNICIPIO DE GUADALAJARA, JALISCO.",.,Zona 3: Huentitán,3611947.12,obraDetalle.php?id_obra=15MANTZ03123,Construcciones Electrificaciones y Arrendamiento de Maquinaria S.A. de C.V.,CEA010615GTO
DOP-MANT-MUN-PRO-CI-124-15,En proceso de Firmas,Enero,"CONCURSO INVITACION                    



Invitaciones",MUNICIPAL,Pavimentos,"REPAVIMENTACIÓN DE VIALIDADES EN CALLE BETZAYDA DE CALLE LUIS VELAZCO A CALLE HACIENDA SAN RAMON; AV. BELISARIO DOMINGUEZ EN GLORIETA AMISTAD; CALLE MANUEL GUITIERREZ DE AV. BELISARIO DOMINGUEZ A CALLE ANTONIO SALANUEVA, EN LA ZONA 4 (OBLATOS), MUNICIPIO",.,Zona 4: Oblatos,2729145.0,obraDetalle.php?id_obra=15MANTZ04124,Mega Estructuras Milenium S.A. de C.V.,MEM100709EE0
DOP-MANT-MUN-PRO-CI-125-15,En proceso de Firmas,Enero,"CONCURSO INVITACION                    



Invitaciones",MUNICIPAL,Pavimentos,"REPAVIMENTACIÓN DE VIALIDADES EN CALLE FRANCISCO DE AYZA DE CALLE RIVAS GUILLEN A CALLE PORFIRIO DÍAZ, EN LA ZONA 5 (OLÍMPICA), MUNICIPIO DE GUADALAJARA, JALISCO.",.,Zona 5: Olímpica,5095389.16,obraDetalle.php?id_obra=15MANTZ05125,Estructuras Construcciones y Urbanizaciones S.A. de C.V.,ECU991015221
DOP-MANT-MUN-PRO-CI-126-15,En proceso de Firmas,Enero,"CONCURSO INVITACION                    



Invitaciones",MUNICIPAL,Pavimentos,"REPAVIMENTACIÓN DE VIALIDADES EN CALLE DIONISIO RODRIGUEZ DE AV. BELISARIO DOMÍNGUEZ A CALLE EMILIANO ZAPATA; CALLE JOSEFA ORTIZ DE DOMÍNGUEZ DE CALLE 34 A AV. BELISARIO DOMÍNGUEZ; CALLE PORFIRIO DÍAZ DE CALLE INDUSTRIA A AV. PABLO VALDEZ, EN LA ZONA 5 (O",.,Zona 5: Olímpica,3404422.09,obraDetalle.php?id_obra=15MANTZ05126,Gilco Ingenieria S.A. de C.V.,GIN1202272F9
DOP-MANT-MUN-PRO-CI-127-15,En proceso de Firmas,Enero,"CONCURSO INVITACION                    



Invitaciones",MUNICIPAL,Pavimentos,"REPAVIMENTACIÓN DE VIALIDADES EN CALLE LOS ÁNGELES DE CALZ. DEL EJERCITO A CALLE BARTOLOMÉ DE LAS CASAS; CALLE CONSTANCIA DE AV. REVOLUCIÓN A AV. FRANCISCO JAVIER MINA, EN LA ZONA 5 (OLÍMPICA), MUNICIPIO DE GUADALAJARA, JALISCO.",.,Zona 5: Olímpica,2938689.84,obraDetalle.php?id_obra=15MANTZ05127,Servicios Profesionales y Construcción Méndez Martínez S.A. de C.V.,SPC071105S59
DOP-MANT-MUN-PRO-CI-128-15,En proceso de Firmas,Enero,"CONCURSO INVITACION                    



Invitaciones",MUNICIPAL,Pavimentos,"REPAVIMENTACIÓN DE VIALIDADES EN AV. MERCEDES CELIS DE CALLE MANUEL R. ALATORRE A AV. RIO NILO, EN LA ZONA 6 (TETLAN), MUNICIPIO DE GUADALAJARA, JALISCO.",.,Zona 6: Tetlán,3849618.08,obraDetalle.php?id_obra=15MANTZ06128,Lugo Ibarra Consorcio Constructor S.A. de C.V.,LIC0208141P8
DOP-MANT-MUN-PRO-CI-129-15,En proceso de Firmas,Enero,"CONCURSO INVITACION                    



Invitaciones",MUNICIPAL,Pavimentos,"REPAVIMENTACIÓN DE VIALIDADES EN AV. COLON CRUCE CON AV. LOPEZ DE LEGASPI; CALZ. LÁZARO CÁRDENAS (LATERAL) DE AV. 18 DE MARZO A CALLE FUELLE (AMBOS SENTIDOS), EN LA ZONA 7 (CRUZ DEL SUR), MUNICIPIO DE GUADALAJARA, JALISCO.",.,Zona 7: Cruz del Sur,4194330.03,obraDetalle.php?id_obra=15MANZ0712915,Grupo Taube de México S.A. de C.V.,GTM050418384
DOP-MANT-MUN-PRO-CI-130-15,En proceso de Firmas,Enero,"CONCURSO INVITACION                    



Invitaciones",MUNICIPAL,Pavimentos,"REPAVIMENTACIÓN DE VIALIDADES EN CALLE  ESCULTURA DE AV. GONZÁLEZ CAMARENA / DEGAS A AV. GOBERNADOR CURIEL; CALZ. LÁZARO CÁRDENAS (PUENTES) EN LAS CRESTAS DE TODOS LOS PUENTES, EN LA ZONA 7 (CRUZ DEL SUR), MUNICIPIO DE GUADALAJARA, JALISCO.",.,Zona 7: Cruz del Sur,5635902.54,obraDetalle.php?id_obra=15MANTZ07130,"Ingenieros de la Torre, S.A. de C.V.",ITO951005HY5
DOP-R33-EST-CDC-AD-131-15,En proceso de Firmas,Enero,ASIGNACION DIRECTA,APORTACION FEDERAL RAMO 33,Centros de Desarrollo Comunitario,"AMPLIACIÓN PARA EL COMEDOR COMUNITARIO ""HELIODORO HERNANDEZ LOZA"", TRABAJOS CONSISTENTES EN PISOS, JARDINERIA, MOBILIARIO, INSTALACIONES ELECTRICAS Y PINTURA, UBICADO EN: MARIA GPE. MARTINEZ DE HERNANDEZ LOZA ESQUINA HACIENDA SANTIAGO, EN LA COL. HELIODOR",.,Zona 4: Oblatos,230000.0,obraDetalle.php?id_obra=15R33Z04131,"Construcciones Levisa, S.A. de C.V.",CLE131023270
